 2.90000000e+00 1.60000000e+01
 2.90000000e+00 1.60000000e+01
 2.90000000e+00 1.60000000e+01
 3.00000000e+00 1.80000000e+01
 3.00000000e+00 1.80000000e+01
 3.20000000e+00 2.20000000e+01
 3.50000000e+00 2.50000000e+01
 3.50000000e+00 2.50000000e+01
 3.60000000e+00 2.30000000e+01
 3.60000000e+00 2.60000000e+01
 3.70000000e+00 3.30000000e+01
 3.70000000e+00 2.70000000e+01
 3.70000000e+00 2.90000000e+01
 3.70000000e+00 2.80000000e+01
 3.70000000e+00 2.80000000e+01
 3.80000000e+00 3.20000000e+01
 3.80000000e+00 3.10000000e+01
 3.80000000e+00 3.40000000e+01
 3.80000000e+00 3.00000000e+01
 3.80000000e+00 2.80000000e+01
 3.80000000e+00 2.80000000e+01
 3.90000000e+00 3.50000000e+01
 3.90000000e+00 3.50000000e+01
 3.90000000e+00 2.90000000e+01
 4.00000000e+00 4.00000000e+01
 4.00000000e+00 3.30000000e+01
 4.10000000e+00 3.80000000e+01
 4.20000000e+00 4.00000000e+01
 4.30000000e+00 3.80000000e+01
 4.40000000e+00 5.20000000e+01
 4.40000000e+00 4.60000000e+01
 4.50000000e+00 4.50000000e+01
 4.50000000e+00 4.60000000e+01
 4.60000000e+00 4.60000000e+01
 4.90000000e+00 5.60000000e+01
 4.90000000e+00 5.50000000e+01
 5.00000000e+00 5.90000000e+01
 5.20000000e+00 6.60000000e+01
 5.30000000e+00 8.10000000e+01
 5.80000000e+00 9.00000000e+01
 5.90000000e+00 1.01000000e+02
 5.90000000e+00 1.04000000e+02
 6.10000000e+00 1.18000000e+02
 6.20000000e+00 1.09000000e+02
 6.30000000e+00 1.13000000e+02
 6.30000000e+00 1.12000000e+02
 6.40000000e+00 1.65000000e+02
 6.40000000e+00 1.34000000e+02
 6.40000000e+00 1.24000000e+02
 6.40000000e+00 1.18000000e+02
 6.50000000e+00 1.27000000e+02
 6.50000000e+00 1.30000000e+02
 6.50000000e+00 1.19000000e+02
 6.50000000e+00 1.26000000e+02
 6.50000000e+00 1.25000000e+02
 6.50000000e+00 1.25000000e+02
 6.60000000e+00 1.32000000e+02
 6.60000000e+00 1.33000000e+02
 6.70000000e+00 1.71000000e+02
 6.70000000e+00 1.50000000e+02
 6.70000000e+00 1.37000000e+02
 6.70000000e+00 1.37000000e+02
 6.70000000e+00 1.36000000e+02
 6.70000000e+00 1.37000000e+02
 6.70000000e+00 1.35000000e+02
 6.70000000e+00 1.39000000e+02
 6.80000000e+00 1.68000000e+02
 6.80000000e+00 1.49000000e+02
 6.80000000e+00 1.54000000e+02
 6.80000000e+00 1.42000000e+02
 6.80000000e+00 1.52000000e+02
 6.80000000e+00 1.42000000e+02
 6.80000000e+00 1.43000000e+02
 6.80000000e+00 1.34000000e+02
 6.80000000e+00 1.40000000e+02
 6.80000000e+00 1.43000000e+02
 6.80000000e+00 1.40000000e+02
 6.80000000e+00 1.42000000e+02
 6.90000000e+00 1.62000000e+02
 6.90000000e+00 1.52000000e+02
 6.90000000e+00 1.45000000e+02
 6.90000000e+00 1.46000000e+02
 6.90000000e+00 1.50000000e+02
 6.90000000e+00 1.50000000e+02
 6.90000000e+00 1.46000000e+02
 6.90000000e+00 1.51000000e+02
 7.00000000e+00 1.62000000e+02
 7.00000000e+00 1.48000000e+02
 7.00000000e+00 1.53000000e+02
 7.00000000e+00 1.75000000e+02
 7.00000000e+00 1.67000000e+02
 7.00000000e+00 1.60000000e+02
 7.00000000e+00 1.60000000e+02
 7.00000000e+00 1.45000000e+02
 7.00000000e+00 1.45000000e+02
 7.00000000e+00 1.55000000e+02
 7.00000000e+00 1.56000000e+02
 7.00000000e+00 1.48000000e+02
 7.00000000e+00 1.55000000e+02
 7.00000000e+00 1.54000000e+02
 7.00000000e+00 1.56000000e+02
 7.00000000e+00 1.54000000e+02
 7.00000000e+00 1.59000000e+02
 7.00000000e+00 1.52000000e+02
 7.10000000e+00 1.70000000e+02
 7.10000000e+00 1.73000000e+02
 7.10000000e+00 1.72000000e+02
 7.10000000e+00 1.57000000e+02
 7.10000000e+00 1.67000000e+02
 7.10000000e+00 1.58000000e+02
 7.10000000e+00 1.59000000e+02
 7.10000000e+00 1.65000000e+02
 7.10000000e+00 1.70000000e+02
 7.10000000e+00 1.57000000e+02
 7.10000000e+00 1.53000000e+02
 7.10000000e+00 1.64000000e+02
 7.10000000e+00 1.49000000e+02
 7.10000000e+00 1.56000000e+02
 7.10000000e+00 1.63000000e+02
 7.10000000e+00 1.56000000e+02
 7.10000000e+00 1.61000000e+02
 7.10000000e+00 1.58000000e+02
 7.20000000e+00 1.85000000e+02
 7.20000000e+00 1.92000000e+02
 7.20000000e+00 1.72000000e+02
 7.20000000e+00 1.58000000e+02
 7.20000000e+00 1.61000000e+02
 7.20000000e+00 1.66000000e+02
 7.20000000e+00 1.58000000e+02
 7.20000000e+00 1.62000000e+02
 7.20000000e+00 1.56000000e+02
 7.20000000e+00 1.66000000e+02
 7.20000000e+00 1.59000000e+02
 7.20000000e+00 1.59000000e+02
 7.20000000e+00 1.77000000e+02
 7.20000000e+00 1.68000000e+02
 7.20000000e+00 1.64000000e+02
 7.30000000e+00 1.80000000e+02
 7.30000000e+00 1.71000000e+02
 7.30000000e+00 1.78000000e+02
 7.30000000e+00 1.88000000e+02
 7.30000000e+00 1.70000000e+02
 7.30000000e+00 1.74000000e+02
 7.30000000e+00 1.65000000e+02
 7.30000000e+00 1.84000000e+02
 7.30000000e+00 1.62000000e+02
 7.30000000e+00 1.69000000e+02
 7.30000000e+00 1.75000000e+02
 7.30000000e+00 1.71000000e+02
 7.30000000e+00 1.87000000e+02
 7.30000000e+00 1.72000000e+02
 7.30000000e+00 1.71000000e+02
 7.30000000e+00 1.62000000e+02
 7.30000000e+00 1.57000000e+02
 7.30000000e+00 1.76000000e+02
 7.30000000e+00 1.78000000e+02
 7.40000000e+00 1.73000000e+02
 7.40000000e+00 1.73000000e+02
 7.40000000e+00 1.74000000e+02
 7.40000000e+00 1.99000000e+02
 7.40000000e+00 1.81000000e+02
 7.40000000e+00 1.82000000e+02
 7.40000000e+00 1.81000000e+02
 7.40000000e+00 1.80000000e+02
 7.40000000e+00 1.68000000e+02
 7.40000000e+00 1.76000000e+02
 7.40000000e+00 1.70000000e+02
 7.40000000e+00 1.89000000e+02
 7.40000000e+00 1.83000000e+02
 7.40000000e+00 1.86000000e+02
 7.40000000e+00 1.92000000e+02
 7.40000000e+00 1.86000000e+02
 7.40000000e+00 1.88000000e+02
 7.40000000e+00 1.87000000e+02
 7.40000000e+00 1.78000000e+02
 7.40000000e+00 1.72000000e+02
 7.40000000e+00 1.68000000e+02
 7.40000000e+00 1.88000000e+02
 7.40000000e+00 1.74000000e+02
 7.40000000e+00 1.81000000e+02
 7.40000000e+00 1.84000000e+02
 7.40000000e+00 1.78000000e+02
 7.40000000e+00 1.98000000e+02
 7.50000000e+00 1.94000000e+02
 7.50000000e+00 1.93000000e+02
 7.50000000e+00 1.78000000e+02
 7.50000000e+00 1.92000000e+02
 7.50000000e+00 1.99000000e+02
 7.50000000e+00 1.94000000e+02
 7.50000000e+00 1.98000000e+02
 7.50000000e+00 2.06000000e+02
 7.50000000e+00 1.90000000e+02
 7.50000000e+00 1.87000000e+02
 7.50000000e+00 1.83000000e+02
 7.50000000e+00 1.88000000e+02
 7.50000000e+00 1.98000000e+02
 7.50000000e+00 1.63000000e+02
 7.50000000e+00 1.85000000e+02
 7.50000000e+00 1.92000000e+02
 7.50000000e+00 1.76000000e+02
 7.50000000e+00 1.98000000e+02
 7.50000000e+00 1.81000000e+02
 7.50000000e+00 1.87000000e+02
 7.50000000e+00 1.88000000e+02
 7.50000000e+00 1.64000000e+02
 7.50000000e+00 1.85000000e+02
 7.50000000e+00 1.88000000e+02
 7.50000000e+00 1.96000000e+02
 7.50000000e+00 1.84000000e+02
 7.50000000e+00 1.94000000e+02
 7.60000000e+00 1.90000000e+02
 7.60000000e+00 1.79000000e+02
 7.60000000e+00 1.96000000e+02
 7.60000000e+00 1.77000000e+02
 7.60000000e+00 1.87000000e+02
 7.60000000e+00 2.06000000e+02
 7.60000000e+00 1.81000000e+02
 7.60000000e+00 1.86000000e+02
 7.60000000e+00 1.92000000e+02
 7.60000000e+00 2.03000000e+02
 7.60000000e+00 2.06000000e+02
 7.60000000e+00 1.85000000e+02
 7.60000000e+00 1.87000000e+02
 7.60000000e+00 2.02000000e+02
 7.60000000e+00 1.89000000e+02
 7.60000000e+00 1.93000000e+02
 7.60000000e+00 2.01000000e+02
 7.60000000e+00 2.02000000e+02
 7.60000000e+00 1.89000000e+02
 7.60000000e+00 1.88000000e+02
 7.60000000e+00 1.96000000e+02
 7.60000000e+00 1.99000000e+02
 7.60000000e+00 2.01000000e+02
 7.60000000e+00 1.84000000e+02
 7.60000000e+00 1.85000000e+02
 7.60000000e+00 1.88000000e+02
 7.60000000e+00 2.07000000e+02
 7.60000000e+00 1.87000000e+02
 7.60000000e+00 1.74000000e+02
 7.60000000e+00 1.91000000e+02
 7.60000000e+00 1.94000000e+02
 7.60000000e+00 1.92000000e+02
 7.60000000e+00 1.85000000e+02
 7.60000000e+00 1.98000000e+02
 7.60000000e+00 2.09000000e+02
 7.70000000e+00 1.94000000e+02
 7.70000000e+00 2.07000000e+02
 7.70000000e+00 1.92000000e+02
 7.70000000e+00 2.04000000e+02
 7.70000000e+00 1.96000000e+02
 7.70000000e+00 2.04000000e+02
 7.70000000e+00 2.09000000e+02
 7.70000000e+00 1.82000000e+02
 7.70000000e+00 1.96000000e+02
 7.70000000e+00 2.09000000e+02
 7.70000000e+00 2.04000000e+02
 7.70000000e+00 2.08000000e+02
 7.70000000e+00 2.06000000e+02
 7.70000000e+00 2.06000000e+02
 7.70000000e+00 2.01000000e+02
 7.70000000e+00 1.98000000e+02
 7.70000000e+00 2.04000000e+02
 7.70000000e+00 1.85000000e+02
 7.70000000e+00 2.05000000e+02
 7.70000000e+00 2.04000000e+02
 7.70000000e+00 1.88000000e+02
 7.70000000e+00 2.14000000e+02
 7.70000000e+00 1.96000000e+02
 7.70000000e+00 1.91000000e+02
 7.70000000e+00 2.08000000e+02
 7.70000000e+00 2.06000000e+02
 7.70000000e+00 2.06000000e+02
 7.70000000e+00 2.09000000e+02
 7.70000000e+00 1.95000000e+02
 7.70000000e+00 2.05000000e+02
 7.70000000e+00 1.99000000e+02
 7.70000000e+00 1.97000000e+02
 7.70000000e+00 1.97000000e+02
 7.70000000e+00 1.98000000e+02
 7.70000000e+00 2.04000000e+02
 7.70000000e+00 2.04000000e+02
 7.70000000e+00 1.97000000e+02
 7.70000000e+00 1.98000000e+02
 7.70000000e+00 1.87000000e+02
 7.70000000e+00 2.04000000e+02
 7.70000000e+00 2.07000000e+02
 7.70000000e+00 1.94000000e+02
 7.70000000e+00 2.32000000e+02
 7.70000000e+00 2.31000000e+02
 7.70000000e+00 2.03000000e+02
 7.70000000e+00 2.01000000e+02
 7.80000000e+00 1.84000000e+02
 7.80000000e+00 2.14000000e+02
 7.80000000e+00 2.01000000e+02
 7.80000000e+00 2.16000000e+02
 7.80000000e+00 2.20000000e+02
 7.80000000e+00 2.11000000e+02
 7.80000000e+00 2.10000000e+02
 7.80000000e+00 1.92000000e+02
 7.80000000e+00 2.18000000e+02
 7.80000000e+00 2.04000000e+02
 7.80000000e+00 2.03000000e+02
 7.80000000e+00 1.85000000e+02
 7.80000000e+00 2.19000000e+02
 7.80000000e+00 2.19000000e+02
 7.80000000e+00 2.19000000e+02
 7.80000000e+00 2.10000000e+02
 7.80000000e+00 2.10000000e+02
 7.80000000e+00 2.09000000e+02
 7.80000000e+00 2.11000000e+02
 7.80000000e+00 1.97000000e+02
 7.80000000e+00 1.92000000e+02
 7.80000000e+00 2.02000000e+02
 7.80000000e+00 2.06000000e+02
 7.80000000e+00 2.11000000e+02
 7.80000000e+00 2.05000000e+02
 7.80000000e+00 2.07000000e+02
 7.80000000e+00 1.79000000e+02
 7.80000000e+00 1.84000000e+02
 7.80000000e+00 2.05000000e+02
 7.80000000e+00 2.14000000e+02
 7.80000000e+00 2.10000000e+02
 7.80000000e+00 2.05000000e+02
 7.80000000e+00 2.39000000e+02
 7.80000000e+00 2.22000000e+02
 7.80000000e+00 1.88000000e+02
 7.80000000e+00 2.03000000e+02
 7.80000000e+00 2.22000000e+02
 7.80000000e+00 2.08000000e+02
 7.80000000e+00 2.02000000e+02
 7.80000000e+00 2.11000000e+02
 7.80000000e+00 2.10000000e+02
 7.80000000e+00 1.88000000e+02
 7.80000000e+00 2.04000000e+02
 7.80000000e+00 2.00000000e+02
 7.80000000e+00 2.05000000e+02
 7.80000000e+00 2.07000000e+02
 7.80000000e+00 2.05000000e+02
 7.80000000e+00 2.00000000e+02
 7.80000000e+00 2.08000000e+02
 7.80000000e+00 2.07000000e+02
 7.80000000e+00 2.02000000e+02
 7.80000000e+00 2.02000000e+02
 7.80000000e+00 2.05000000e+02
 7.80000000e+00 2.00000000e+02
 7.80000000e+00 2.05000000e+02
 7.80000000e+00 1.96000000e+02
 7.80000000e+00 2.05000000e+02
 7.80000000e+00 2.12000000e+02
 7.80000000e+00 1.88000000e+02
 7.80000000e+00 2.28000000e+02
 7.80000000e+00 1.98000000e+02
 7.80000000e+00 2.36000000e+02
 7.80000000e+00 2.15000000e+02
 7.80000000e+00 2.11000000e+02
 7.80000000e+00 2.04000000e+02
 7.80000000e+00 2.07000000e+02
 7.80000000e+00 2.15000000e+02
 7.80000000e+00 2.02000000e+02
 7.80000000e+00 2.08000000e+02
 7.80000000e+00 2.08000000e+02
 7.80000000e+00 2.06000000e+02
 7.80000000e+00 2.06000000e+02
 7.80000000e+00 2.10000000e+02
 7.90000000e+00 2.16000000e+02
 7.90000000e+00 2.14000000e+02
 7.90000000e+00 2.08000000e+02
 7.90000000e+00 2.10000000e+02
 7.90000000e+00 2.33000000e+02
 7.90000000e+00 2.10000000e+02
 7.90000000e+00 2.26000000e+02
 7.90000000e+00 2.28000000e+02
 7.90000000e+00 2.00000000e+02
 7.90000000e+00 2.17000000e+02
 7.90000000e+00 2.25000000e+02
 7.90000000e+00 2.23000000e+02
 7.90000000e+00 2.08000000e+02
 7.90000000e+00 2.02000000e+02
 7.90000000e+00 2.17000000e+02
 7.90000000e+00 2.05000000e+02
 7.90000000e+00 2.12000000e+02
 7.90000000e+00 2.08000000e+02
 7.90000000e+00 2.15000000e+02
 7.90000000e+00 2.02000000e+02
 7.90000000e+00 2.08000000e+02
 7.90000000e+00 2.18000000e+02
 7.90000000e+00 2.14000000e+02
 7.90000000e+00 2.13000000e+02
 7.90000000e+00 2.18000000e+02
 7.90000000e+00 2.21000000e+02
 7.90000000e+00 2.31000000e+02
 7.90000000e+00 2.11000000e+02
 7.90000000e+00 2.10000000e+02
 7.90000000e+00 2.01000000e+02
 7.90000000e+00 2.24000000e+02
 7.90000000e+00 2.19000000e+02
 7.90000000e+00 2.06000000e+02
 7.90000000e+00 2.08000000e+02
 7.90000000e+00 2.16000000e+02
 7.90000000e+00 2.14000000e+02
 7.90000000e+00 2.17000000e+02
 7.90000000e+00 2.14000000e+02
 7.90000000e+00 2.07000000e+02
 7.90000000e+00 2.11000000e+02
 7.90000000e+00 2.16000000e+02
 7.90000000e+00 2.10000000e+02
 7.90000000e+00 2.20000000e+02
 7.90000000e+00 2.02000000e+02
 7.90000000e+00 2.23000000e+02
 7.90000000e+00 2.02000000e+02
 7.90000000e+00 2.01000000e+02
 7.90000000e+00 2.27000000e+02
 7.90000000e+00 2.05000000e+02
 7.90000000e+00 2.14000000e+02
 7.90000000e+00 2.14000000e+02
 7.90000000e+00 1.95000000e+02
 7.90000000e+00 2.23000000e+02
 7.90000000e+00 1.91000000e+02
 7.90000000e+00 2.13000000e+02
 7.90000000e+00 1.95000000e+02
 7.90000000e+00 1.86000000e+02
 7.90000000e+00 2.18000000e+02
 7.90000000e+00 2.08000000e+02
 7.90000000e+00 1.97000000e+02
 7.90000000e+00 2.31000000e+02
 7.90000000e+00 2.14000000e+02
 7.90000000e+00 2.47000000e+02
 7.90000000e+00 2.40000000e+02
 7.90000000e+00 2.17000000e+02
 7.90000000e+00 2.34000000e+02
 7.90000000e+00 2.38000000e+02
 7.90000000e+00 0.00000000e+00
 7.90000000e+00 1.97000000e+02
 8.00000000e+00 2.13000000e+02
 8.00000000e+00 2.24000000e+02
 8.00000000e+00 2.17000000e+02
 8.00000000e+00 2.14000000e+02
 8.00000000e+00 2.26000000e+02
 8.00000000e+00 2.25000000e+02
 8.00000000e+00 2.18000000e+02
 8.00000000e+00 2.30000000e+02
 8.00000000e+00 2.29000000e+02
 8.00000000e+00 2.24000000e+02
 8.00000000e+00 2.22000000e+02
 8.00000000e+00 2.20000000e+02
 8.00000000e+00 2.39000000e+02
 8.00000000e+00 2.16000000e+02
 8.00000000e+00 2.14000000e+02
 8.00000000e+00 2.32000000e+02
 8.00000000e+00 2.19000000e+02
 8.00000000e+00 2.24000000e+02
 8.00000000e+00 2.21000000e+02
 8.00000000e+00 2.21000000e+02
 8.00000000e+00 2.26000000e+02
 8.00000000e+00 2.22000000e+02
 8.00000000e+00 2.30000000e+02
 8.00000000e+00 2.29000000e+02
 8.00000000e+00 2.23000000e+02
 8.00000000e+00 2.13000000e+02
 8.00000000e+00 2.25000000e+02
 8.00000000e+00 2.23000000e+02
 8.00000000e+00 2.02000000e+02
 8.00000000e+00 2.26000000e+02
 8.00000000e+00 2.40000000e+02
 8.00000000e+00 2.25000000e+02
 8.00000000e+00 2.28000000e+02
 8.00000000e+00 2.44000000e+02
 8.00000000e+00 2.11000000e+02
 8.00000000e+00 2.23000000e+02
 8.00000000e+00 2.16000000e+02
 8.00000000e+00 2.20000000e+02
 8.00000000e+00 2.20000000e+02
 8.00000000e+00 2.02000000e+02
 8.00000000e+00 2.26000000e+02
 8.00000000e+00 2.09000000e+02
 8.00000000e+00 2.15000000e+02
 8.00000000e+00 2.38000000e+02
 8.00000000e+00 2.24000000e+02
 8.00000000e+00 2.15000000e+02
 8.00000000e+00 2.03000000e+02
 8.00000000e+00 2.27000000e+02
 8.00000000e+00 2.26000000e+02
 8.00000000e+00 2.09000000e+02
 8.00000000e+00 2.14000000e+02
 8.00000000e+00 2.05000000e+02
 8.00000000e+00 2.08000000e+02
 8.00000000e+00 2.10000000e+02
 8.00000000e+00 2.04000000e+02
 8.00000000e+00 2.21000000e+02
 8.00000000e+00 2.25000000e+02
 8.00000000e+00 2.24000000e+02
 8.00000000e+00 2.20000000e+02
 8.00000000e+00 2.33000000e+02
 8.00000000e+00 2.28000000e+02
 8.00000000e+00 2.09000000e+02
 8.00000000e+00 2.04000000e+02
 8.00000000e+00 2.19000000e+02
 8.00000000e+00 2.34000000e+02
 8.00000000e+00 2.33000000e+02
 8.00000000e+00 2.32000000e+02
 8.00000000e+00 2.42000000e+02
 8.00000000e+00 2.02000000e+02
 8.00000000e+00 2.18000000e+02
 8.00000000e+00 2.26000000e+02
 8.00000000e+00 2.15000000e+02
 8.10000000e+00 2.18000000e+02
 8.10000000e+00 2.21000000e+02
 8.10000000e+00 2.21000000e+02
 8.10000000e+00 2.38000000e+02
 8.10000000e+00 2.32000000e+02
 8.10000000e+00 2.25000000e+02
 8.10000000e+00 2.36000000e+02
 8.10000000e+00 2.07000000e+02
 8.10000000e+00 2.36000000e+02
 8.10000000e+00 2.26000000e+02
 8.10000000e+00 2.34000000e+02
 8.10000000e+00 2.35000000e+02
 8.10000000e+00 2.10000000e+02
 8.10000000e+00 2.25000000e+02
 8.10000000e+00 2.40000000e+02
 8.10000000e+00 2.18000000e+02
 8.10000000e+00 2.36000000e+02
 8.10000000e+00 2.43000000e+02
 8.10000000e+00 2.32000000e+02
 8.10000000e+00 2.22000000e+02
 8.10000000e+00 2.39000000e+02
 8.10000000e+00 2.21000000e+02
 8.10000000e+00 2.24000000e+02
 8.10000000e+00 2.30000000e+02
 8.10000000e+00 2.35000000e+02
 8.10000000e+00 2.17000000e+02
 8.10000000e+00 2.25000000e+02
 8.10000000e+00 2.30000000e+02
 8.10000000e+00 2.11000000e+02
 8.10000000e+00 2.39000000e+02
 8.10000000e+00 2.20000000e+02
 8.10000000e+00 2.25000000e+02
 8.10000000e+00 2.26000000e+02
 8.10000000e+00 2.19000000e+02
 8.10000000e+00 2.36000000e+02
 8.10000000e+00 2.27000000e+02
 8.10000000e+00 2.17000000e+02
 8.10000000e+00 2.14000000e+02
 8.10000000e+00 2.23000000e+02
 8.10000000e+00 2.21000000e+02
 8.10000000e+00 2.17000000e+02
 8.10000000e+00 2.15000000e+02
 8.10000000e+00 2.32000000e+02
 8.10000000e+00 2.25000000e+02
 8.10000000e+00 2.28000000e+02
 8.10000000e+00 2.31000000e+02
 8.10000000e+00 2.32000000e+02
 8.10000000e+00 2.36000000e+02
 8.10000000e+00 2.13000000e+02
 8.10000000e+00 2.31000000e+02
 8.10000000e+00 2.30000000e+02
 8.10000000e+00 2.27000000e+02
 8.10000000e+00 2.38000000e+02
 8.10000000e+00 2.33000000e+02
 8.10000000e+00 2.31000000e+02
 8.10000000e+00 2.39000000e+02
 8.10000000e+00 2.15000000e+02
 8.10000000e+00 2.18000000e+02
 8.10000000e+00 2.42000000e+02
 8.10000000e+00 2.16000000e+02
 8.10000000e+00 2.27000000e+02
 8.10000000e+00 2.27000000e+02
 8.10000000e+00 2.20000000e+02
 8.10000000e+00 2.29000000e+02
 8.10000000e+00 2.16000000e+02
 8.10000000e+00 2.39000000e+02
 8.10000000e+00 2.11000000e+02
 8.10000000e+00 2.29000000e+02
 8.10000000e+00 2.26000000e+02
 8.10000000e+00 2.24000000e+02
 8.10000000e+00 2.29000000e+02
 8.10000000e+00 2.10000000e+02
 8.10000000e+00 2.30000000e+02
 8.10000000e+00 2.35000000e+02
 8.10000000e+00 2.20000000e+02
 8.10000000e+00 2.44000000e+02
 8.10000000e+00 2.22000000e+02
 8.10000000e+00 2.25000000e+02
 8.10000000e+00 2.13000000e+02
 8.10000000e+00 2.59000000e+02
 8.10000000e+00 2.06000000e+02
 8.10000000e+00 2.26000000e+02
 8.10000000e+00 2.38000000e+02
 8.10000000e+00 2.23000000e+02
 8.20000000e+00 2.27000000e+02
 8.20000000e+00 2.22000000e+02
 8.20000000e+00 2.32000000e+02
 8.20000000e+00 2.17000000e+02
 8.20000000e+00 2.40000000e+02
 8.20000000e+00 2.33000000e+02
 8.20000000e+00 2.35000000e+02
 8.20000000e+00 2.30000000e+02
 8.20000000e+00 2.32000000e+02
 8.20000000e+00 2.46000000e+02
 8.20000000e+00 2.33000000e+02
 8.20000000e+00 2.31000000e+02
 8.20000000e+00 2.38000000e+02
 8.20000000e+00 2.32000000e+02
 8.20000000e+00 2.41000000e+02
 8.20000000e+00 2.44000000e+02
 8.20000000e+00 2.36000000e+02
 8.20000000e+00 2.21000000e+02
 8.20000000e+00 2.29000000e+02
 8.20000000e+00 2.43000000e+02
 8.20000000e+00 2.32000000e+02
 8.20000000e+00 2.43000000e+02
 8.20000000e+00 2.52000000e+02
 8.20000000e+00 2.44000000e+02
 8.20000000e+00 2.31000000e+02
 8.20000000e+00 2.49000000e+02
 8.20000000e+00 2.37000000e+02
 8.20000000e+00 2.47000000e+02
 8.20000000e+00 2.18000000e+02
 8.20000000e+00 2.24000000e+02
 8.20000000e+00 2.50000000e+02
 8.20000000e+00 2.35000000e+02
 8.20000000e+00 2.36000000e+02
 8.20000000e+00 2.26000000e+02
 8.20000000e+00 2.32000000e+02
 8.20000000e+00 2.37000000e+02
 8.20000000e+00 2.30000000e+02
 8.20000000e+00 2.27000000e+02
 8.20000000e+00 2.24000000e+02
 8.20000000e+00 2.53000000e+02
 8.20000000e+00 2.26000000e+02
 8.20000000e+00 2.18000000e+02
 8.20000000e+00 2.47000000e+02
 8.20000000e+00 2.33000000e+02
 8.20000000e+00 2.37000000e+02
 8.20000000e+00 2.31000000e+02
 8.20000000e+00 2.32000000e+02
 8.20000000e+00 2.43000000e+02
 8.20000000e+00 2.53000000e+02
 8.20000000e+00 2.30000000e+02
 8.20000000e+00 2.34000000e+02
 8.20000000e+00 2.32000000e+02
 8.20000000e+00 2.54000000e+02
 8.20000000e+00 2.34000000e+02
 8.20000000e+00 2.33000000e+02
 8.20000000e+00 2.40000000e+02
 8.20000000e+00 2.30000000e+02
 8.20000000e+00 2.31000000e+02
 8.20000000e+00 2.21000000e+02
 8.20000000e+00 2.47000000e+02
 8.20000000e+00 2.08000000e+02
 8.20000000e+00 2.17000000e+02
 8.20000000e+00 2.54000000e+02
 8.20000000e+00 1.67000000e+02
 8.20000000e+00 2.44000000e+02
 8.20000000e+00 2.37000000e+02
 8.20000000e+00 2.57000000e+02
 8.20000000e+00 2.40000000e+02
 8.20000000e+00 2.37000000e+02
 8.20000000e+00 2.29000000e+02
 8.20000000e+00 2.40000000e+02
 8.20000000e+00 2.35000000e+02
 8.20000000e+00 2.45000000e+02
 8.20000000e+00 2.41000000e+02
 8.20000000e+00 2.29000000e+02
 8.30000000e+00 2.23000000e+02
 8.30000000e+00 2.36000000e+02
 8.30000000e+00 2.37000000e+02
 8.30000000e+00 2.44000000e+02
 8.30000000e+00 2.42000000e+02
 8.30000000e+00 2.41000000e+02
 8.30000000e+00 2.40000000e+02
 8.30000000e+00 2.64000000e+02
 8.30000000e+00 2.40000000e+02
 8.30000000e+00 2.35000000e+02
 8.30000000e+00 2.56000000e+02
 8.30000000e+00 2.65000000e+02
 8.30000000e+00 2.38000000e+02
 8.30000000e+00 2.45000000e+02
 8.30000000e+00 2.42000000e+02
 8.30000000e+00 2.38000000e+02
 8.30000000e+00 2.30000000e+02
 8.30000000e+00 2.40000000e+02
 8.30000000e+00 2.55000000e+02
 8.30000000e+00 2.23000000e+02
 8.30000000e+00 2.17000000e+02
 8.30000000e+00 2.20000000e+02
 8.30000000e+00 2.38000000e+02
 8.30000000e+00 2.29000000e+02
 8.30000000e+00 2.32000000e+02
 8.30000000e+00 2.26000000e+02
 8.30000000e+00 2.60000000e+02
 8.30000000e+00 2.39000000e+02
 8.30000000e+00 2.25000000e+02
 8.30000000e+00 2.33000000e+02
 8.30000000e+00 2.44000000e+02
 8.30000000e+00 2.31000000e+02
 8.30000000e+00 2.57000000e+02
 8.30000000e+00 2.27000000e+02
 8.30000000e+00 2.37000000e+02
 8.30000000e+00 2.46000000e+02
 8.30000000e+00 2.30000000e+02
 8.30000000e+00 2.46000000e+02
 8.30000000e+00 2.47000000e+02
 8.30000000e+00 2.35000000e+02
 8.30000000e+00 2.39000000e+02
 8.30000000e+00 2.48000000e+02
 8.30000000e+00 2.67000000e+02
 8.30000000e+00 2.49000000e+02
 8.30000000e+00 2.41000000e+02
 8.30000000e+00 2.42000000e+02
 8.30000000e+00 2.32000000e+02
 8.30000000e+00 2.45000000e+02
 8.30000000e+00 2.43000000e+02
 8.30000000e+00 2.46000000e+02
 8.30000000e+00 2.39000000e+02
 8.30000000e+00 2.21000000e+02
 8.30000000e+00 2.26000000e+02
 8.30000000e+00 2.43000000e+02
 8.30000000e+00 2.43000000e+02
 8.30000000e+00 2.43000000e+02
 8.30000000e+00 2.24000000e+02
 8.30000000e+00 2.38000000e+02
 8.30000000e+00 2.40000000e+02
 8.30000000e+00 1.78000000e+02
 8.30000000e+00 2.16000000e+02
 8.30000000e+00 2.36000000e+02
 8.30000000e+00 2.24000000e+02
 8.30000000e+00 2.37000000e+02
 8.30000000e+00 2.47000000e+02
 8.30000000e+00 2.34000000e+02
 8.30000000e+00 2.01000000e+02
 8.30000000e+00 2.45000000e+02
 8.30000000e+00 2.57000000e+02
 8.30000000e+00 2.71000000e+02
 8.30000000e+00 2.45000000e+02
 8.30000000e+00 2.48000000e+02
 8.30000000e+00 2.47000000e+02
 8.30000000e+00 2.28000000e+02
 8.30000000e+00 2.24000000e+02
 8.30000000e+00 2.35000000e+02
 8.30000000e+00 2.64000000e+02
 8.30000000e+00 2.41000000e+02
 8.30000000e+00 2.51000000e+02
 8.30000000e+00 2.46000000e+02
 8.30000000e+00 2.58000000e+02
 8.30000000e+00 2.40000000e+02
 8.30000000e+00 2.34000000e+02
 8.30000000e+00 2.41000000e+02
 8.40000000e+00 2.50000000e+02
 8.40000000e+00 2.39000000e+02
 8.40000000e+00 2.38000000e+02
 8.40000000e+00 2.43000000e+02
 8.40000000e+00 2.56000000e+02
 8.40000000e+00 2.71000000e+02
 8.40000000e+00 2.38000000e+02
 8.40000000e+00 2.50000000e+02
 8.40000000e+00 2.54000000e+02
 8.40000000e+00 2.36000000e+02
 8.40000000e+00 2.36000000e+02
 8.40000000e+00 2.41000000e+02
 8.40000000e+00 2.54000000e+02
 8.40000000e+00 2.27000000e+02
 8.40000000e+00 2.54000000e+02
 8.40000000e+00 2.53000000e+02
 8.40000000e+00 2.38000000e+02
 8.40000000e+00 2.62000000e+02
 8.40000000e+00 2.56000000e+02
 8.40000000e+00 2.40000000e+02
 8.40000000e+00 2.52000000e+02
 8.40000000e+00 2.73000000e+02
 8.40000000e+00 2.48000000e+02
 8.40000000e+00 2.77000000e+02
 8.40000000e+00 2.46000000e+02
 8.40000000e+00 2.46000000e+02
 8.40000000e+00 2.62000000e+02
 8.40000000e+00 2.57000000e+02
 8.40000000e+00 2.57000000e+02
 8.40000000e+00 2.49000000e+02
 8.40000000e+00 2.64000000e+02
 8.40000000e+00 2.50000000e+02
 8.40000000e+00 2.55000000e+02
 8.40000000e+00 2.56000000e+02
 8.40000000e+00 2.47000000e+02
 8.40000000e+00 2.46000000e+02
 8.40000000e+00 2.40000000e+02
 8.40000000e+00 2.27000000e+02
 8.40000000e+00 2.46000000e+02
 8.40000000e+00 2.59000000e+02
 8.40000000e+00 2.40000000e+02
 8.40000000e+00 2.55000000e+02
 8.40000000e+00 2.62000000e+02
 8.40000000e+00 2.72000000e+02
 8.40000000e+00 2.49000000e+02
 8.40000000e+00 2.44000000e+02
 8.40000000e+00 2.50000000e+02
 8.40000000e+00 2.54000000e+02
 8.40000000e+00 2.46000000e+02
 8.40000000e+00 2.31000000e+02
 8.40000000e+00 2.47000000e+02
 8.40000000e+00 2.56000000e+02
 8.40000000e+00 2.46000000e+02
 8.40000000e+00 2.56000000e+02
 8.40000000e+00 2.68000000e+02
 8.40000000e+00 2.33000000e+02
 8.40000000e+00 2.54000000e+02
 8.40000000e+00 2.55000000e+02
 8.40000000e+00 2.24000000e+02
 8.40000000e+00 2.32000000e+02
 8.40000000e+00 2.51000000e+02
 8.40000000e+00 2.54000000e+02
 8.40000000e+00 2.56000000e+02
 8.40000000e+00 2.52000000e+02
 8.40000000e+00 2.49000000e+02
 8.40000000e+00 2.52000000e+02
 8.40000000e+00 2.42000000e+02
 8.40000000e+00 2.40000000e+02
 8.40000000e+00 2.50000000e+02
 8.40000000e+00 2.65000000e+02
 8.40000000e+00 2.42000000e+02
 8.40000000e+00 2.21000000e+02
 8.40000000e+00 2.40000000e+02
 8.40000000e+00 2.54000000e+02
 8.40000000e+00 2.38000000e+02
 8.40000000e+00 2.52000000e+02
 8.40000000e+00 2.58000000e+02
 8.50000000e+00 2.45000000e+02
 8.50000000e+00 2.44000000e+02
 8.50000000e+00 2.50000000e+02
 8.50000000e+00 2.45000000e+02
 8.50000000e+00 2.39000000e+02
 8.50000000e+00 2.50000000e+02
 8.50000000e+00 2.35000000e+02
 8.50000000e+00 2.28000000e+02
 8.50000000e+00 2.66000000e+02
 8.50000000e+00 2.47000000e+02
 8.50000000e+00 2.51000000e+02
 8.50000000e+00 2.34000000e+02
 8.50000000e+00 2.24000000e+02
 8.50000000e+00 2.52000000e+02
 8.50000000e+00 2.60000000e+02
 8.50000000e+00 2.37000000e+02
 8.50000000e+00 2.52000000e+02
 8.50000000e+00 2.56000000e+02
 8.50000000e+00 2.79000000e+02
 8.50000000e+00 2.40000000e+02
 8.50000000e+00 2.56000000e+02
 8.50000000e+00 2.61000000e+02
 8.50000000e+00 2.72000000e+02
 8.50000000e+00 2.59000000e+02
 8.50000000e+00 2.57000000e+02
 8.50000000e+00 2.72000000e+02
 8.50000000e+00 2.57000000e+02
 8.50000000e+00 2.37000000e+02
 8.50000000e+00 2.55000000e+02
 8.50000000e+00 2.23000000e+02
 8.50000000e+00 2.44000000e+02
 8.50000000e+00 2.31000000e+02
 8.50000000e+00 2.67000000e+02
 8.50000000e+00 2.64000000e+02
 8.50000000e+00 2.63000000e+02
 8.50000000e+00 2.44000000e+02
 8.50000000e+00 2.50000000e+02
 8.50000000e+00 2.39000000e+02
 8.50000000e+00 2.52000000e+02
 8.50000000e+00 2.57000000e+02
 8.50000000e+00 2.67000000e+02
 8.50000000e+00 2.53000000e+02
 8.50000000e+00 2.61000000e+02
 8.50000000e+00 2.65000000e+02
 8.50000000e+00 2.56000000e+02
 8.50000000e+00 2.39000000e+02
 8.50000000e+00 2.66000000e+02
 8.50000000e+00 2.50000000e+02
 8.50000000e+00 2.62000000e+02
 8.50000000e+00 2.61000000e+02
 8.50000000e+00 2.52000000e+02
 8.50000000e+00 2.62000000e+02
 8.50000000e+00 2.38000000e+02
 8.50000000e+00 2.42000000e+02
 8.50000000e+00 2.47000000e+02
 8.50000000e+00 2.31000000e+02
 8.50000000e+00 2.67000000e+02
 8.50000000e+00 2.60000000e+02
 8.50000000e+00 2.45000000e+02
 8.50000000e+00 2.84000000e+02
 8.50000000e+00 2.74000000e+02
 8.50000000e+00 2.73000000e+02
 8.50000000e+00 2.63000000e+02
 8.50000000e+00 2.50000000e+02
 8.50000000e+00 2.47000000e+02
 8.50000000e+00 2.57000000e+02
 8.50000000e+00 2.38000000e+02
 8.50000000e+00 2.62000000e+02
 8.50000000e+00 2.50000000e+02
 8.50000000e+00 2.58000000e+02
 8.50000000e+00 2.62000000e+02
 8.50000000e+00 2.48000000e+02
 8.50000000e+00 2.74000000e+02
 8.60000000e+00 2.59000000e+02
 8.60000000e+00 2.50000000e+02
 8.60000000e+00 2.58000000e+02
 8.60000000e+00 2.61000000e+02
 8.60000000e+00 2.47000000e+02
 8.60000000e+00 2.80000000e+02
 8.60000000e+00 2.76000000e+02
 8.60000000e+00 2.66000000e+02
 8.60000000e+00 2.69000000e+02
 8.60000000e+00 2.39000000e+02
 8.60000000e+00 2.74000000e+02
 8.60000000e+00 2.56000000e+02
 8.60000000e+00 2.64000000e+02
 8.60000000e+00 2.57000000e+02
 8.60000000e+00 2.54000000e+02
 8.60000000e+00 2.53000000e+02
 8.60000000e+00 2.56000000e+02
 8.60000000e+00 2.61000000e+02
 8.60000000e+00 2.64000000e+02
 8.60000000e+00 2.52000000e+02
 8.60000000e+00 2.58000000e+02
 8.60000000e+00 2.63000000e+02
 8.60000000e+00 2.52000000e+02
 8.60000000e+00 2.58000000e+02
 8.60000000e+00 2.68000000e+02
 8.60000000e+00 2.66000000e+02
 8.60000000e+00 2.57000000e+02
 8.60000000e+00 2.52000000e+02
 8.60000000e+00 2.59000000e+02
 8.60000000e+00 2.72000000e+02
 8.60000000e+00 2.57000000e+02
 8.60000000e+00 2.62000000e+02
 8.60000000e+00 2.64000000e+02
 8.60000000e+00 2.55000000e+02
 8.60000000e+00 2.40000000e+02
 8.60000000e+00 2.67000000e+02
 8.60000000e+00 2.60000000e+02
 8.60000000e+00 2.46000000e+02
 8.60000000e+00 2.65000000e+02
 8.60000000e+00 2.61000000e+02
 8.60000000e+00 2.62000000e+02
 8.60000000e+00 2.71000000e+02
 8.60000000e+00 2.64000000e+02
 8.60000000e+00 2.64000000e+02
 8.60000000e+00 2.55000000e+02
 8.60000000e+00 2.64000000e+02
 8.60000000e+00 1.28000000e+02
 8.60000000e+00 2.57000000e+02
 8.60000000e+00 2.66000000e+02
 8.60000000e+00 2.71000000e+02
 8.60000000e+00 2.76000000e+02
 8.60000000e+00 2.74000000e+02
 8.60000000e+00 2.65000000e+02
 8.60000000e+00 2.69000000e+02
 8.60000000e+00 2.46000000e+02
 8.60000000e+00 2.60000000e+02
 8.60000000e+00 2.58000000e+02
 8.60000000e+00 2.36000000e+02
 8.60000000e+00 2.65000000e+02
 8.60000000e+00 2.68000000e+02
 8.60000000e+00 2.24000000e+02
 8.60000000e+00 2.66000000e+02
 8.60000000e+00 2.56000000e+02
 8.60000000e+00 2.55000000e+02
 8.60000000e+00 2.54000000e+02
 8.60000000e+00 2.42000000e+02
 8.60000000e+00 2.70000000e+02
 8.60000000e+00 2.78000000e+02
 8.60000000e+00 2.70000000e+02
 8.60000000e+00 2.68000000e+02
 8.60000000e+00 2.72000000e+02
 8.60000000e+00 2.64000000e+02
 8.60000000e+00 2.64000000e+02
 8.60000000e+00 2.56000000e+02
 8.60000000e+00 2.57000000e+02
 8.60000000e+00 2.53000000e+02
 8.60000000e+00 2.59000000e+02
 8.60000000e+00 2.63000000e+02
 8.70000000e+00 2.74000000e+02
 8.70000000e+00 2.44000000e+02
 8.70000000e+00 2.72000000e+02
 8.70000000e+00 2.55000000e+02
 8.70000000e+00 2.77000000e+02
 8.70000000e+00 2.75000000e+02
 8.70000000e+00 2.78000000e+02
 8.70000000e+00 2.59000000e+02
 8.70000000e+00 2.65000000e+02
 8.70000000e+00 2.92000000e+02
 8.70000000e+00 2.79000000e+02
 8.70000000e+00 2.76000000e+02
 8.70000000e+00 2.70000000e+02
 8.70000000e+00 2.66000000e+02
 8.70000000e+00 2.68000000e+02
 8.70000000e+00 2.82000000e+02
 8.70000000e+00 2.79000000e+02
 8.70000000e+00 2.75000000e+02
 8.70000000e+00 2.63000000e+02
 8.70000000e+00 2.65000000e+02
 8.70000000e+00 2.58000000e+02
 8.70000000e+00 2.72000000e+02
 8.70000000e+00 2.79000000e+02
 8.70000000e+00 2.67000000e+02
 8.70000000e+00 2.84000000e+02
 8.70000000e+00 2.70000000e+02
 8.70000000e+00 2.66000000e+02
 8.70000000e+00 2.80000000e+02
 8.70000000e+00 2.75000000e+02
 8.70000000e+00 2.87000000e+02
 8.70000000e+00 2.97000000e+02
 8.70000000e+00 2.73000000e+02
 8.70000000e+00 2.74000000e+02
 8.70000000e+00 2.77000000e+02
 8.70000000e+00 2.58000000e+02
 8.70000000e+00 2.83000000e+02
 8.70000000e+00 2.86000000e+02
 8.70000000e+00 2.08000000e+02
 8.70000000e+00 2.81000000e+02
 8.70000000e+00 2.77000000e+02
 8.70000000e+00 2.71000000e+02
 8.70000000e+00 2.83000000e+02
 8.70000000e+00 2.79000000e+02
 8.70000000e+00 2.75000000e+02
 8.70000000e+00 2.62000000e+02
 8.70000000e+00 2.84000000e+02
 8.70000000e+00 2.77000000e+02
 8.70000000e+00 2.80000000e+02
 8.70000000e+00 2.73000000e+02
 8.70000000e+00 2.59000000e+02
 8.70000000e+00 2.82000000e+02
 8.80000000e+00 2.65000000e+02
 8.80000000e+00 2.55000000e+02
 8.80000000e+00 2.62000000e+02
 8.80000000e+00 2.82000000e+02
 8.80000000e+00 2.80000000e+02
 8.80000000e+00 2.48000000e+02
 8.80000000e+00 2.73000000e+02
 8.80000000e+00 2.83000000e+02
 8.80000000e+00 2.87000000e+02
 8.80000000e+00 2.86000000e+02
 8.80000000e+00 2.78000000e+02
 8.80000000e+00 2.80000000e+02
 8.80000000e+00 2.84000000e+02
 8.80000000e+00 2.90000000e+02
 8.80000000e+00 3.00000000e+02
 8.80000000e+00 2.76000000e+02
 8.80000000e+00 2.73000000e+02
 8.80000000e+00 2.79000000e+02
 8.80000000e+00 2.75000000e+02
 8.80000000e+00 2.85000000e+02
 8.80000000e+00 2.86000000e+02
 8.80000000e+00 2.88000000e+02
 8.80000000e+00 2.90000000e+02
 8.80000000e+00 2.84000000e+02
 8.80000000e+00 2.99000000e+02
 8.80000000e+00 2.68000000e+02
 8.80000000e+00 2.71000000e+02
 8.80000000e+00 2.85000000e+02
 8.80000000e+00 2.81000000e+02
 8.80000000e+00 2.72000000e+02
 8.80000000e+00 2.71000000e+02
 8.80000000e+00 2.79000000e+02
 8.80000000e+00 2.68000000e+02
 8.80000000e+00 2.78000000e+02
 8.80000000e+00 2.81000000e+02
 8.80000000e+00 2.84000000e+02
 8.80000000e+00 2.76000000e+02
 8.80000000e+00 2.87000000e+02
 8.80000000e+00 2.62000000e+02
 8.80000000e+00 2.75000000e+02
 8.80000000e+00 2.77000000e+02
 8.80000000e+00 2.81000000e+02
 8.80000000e+00 3.01000000e+02
 8.80000000e+00 2.73000000e+02
 8.80000000e+00 2.75000000e+02
 8.80000000e+00 7.70000000e+01
 8.80000000e+00 1.94000000e+02
 8.80000000e+00 2.85000000e+02
 8.80000000e+00 2.95000000e+02
 8.80000000e+00 2.77000000e+02
 8.80000000e+00 2.62000000e+02
 8.80000000e+00 2.61000000e+02
 8.80000000e+00 2.90000000e+02
 8.80000000e+00 2.75000000e+02
 8.80000000e+00 2.82000000e+02
 8.80000000e+00 2.57000000e+02
 8.80000000e+00 2.56000000e+02
 8.80000000e+00 2.54000000e+02
 8.80000000e+00 2.79000000e+02
 8.80000000e+00 2.85000000e+02
 8.80000000e+00 2.83000000e+02
 8.80000000e+00 2.98000000e+02
 8.80000000e+00 2.82000000e+02
 8.80000000e+00 3.00000000e+02
 8.80000000e+00 2.76000000e+02
 8.80000000e+00 2.87000000e+02
 8.80000000e+00 2.82000000e+02
 8.80000000e+00 2.70000000e+02
 8.80000000e+00 2.41000000e+02
 8.80000000e+00 1.97000000e+02
 8.90000000e+00 3.03000000e+02
 8.90000000e+00 3.02000000e+02
 8.90000000e+00 2.77000000e+02
 8.90000000e+00 2.76000000e+02
 8.90000000e+00 2.66000000e+02
 8.90000000e+00 2.83000000e+02
 8.90000000e+00 2.70000000e+02
 8.90000000e+00 3.00000000e+02
 8.90000000e+00 3.20000000e+02
 8.90000000e+00 3.03000000e+02
 8.90000000e+00 2.89000000e+02
 8.90000000e+00 3.08000000e+02
 8.90000000e+00 2.75000000e+02
 8.90000000e+00 2.95000000e+02
 8.90000000e+00 2.88000000e+02
 8.90000000e+00 2.74000000e+02
 8.90000000e+00 2.54000000e+02
 8.90000000e+00 3.03000000e+02
 8.90000000e+00 2.98000000e+02
 8.90000000e+00 2.89000000e+02
 8.90000000e+00 3.12000000e+02
 8.90000000e+00 2.98000000e+02
 8.90000000e+00 2.84000000e+02
 8.90000000e+00 2.74000000e+02
 8.90000000e+00 2.91000000e+02
 8.90000000e+00 2.88000000e+02
 8.90000000e+00 2.91000000e+02
 8.90000000e+00 2.88000000e+02
 8.90000000e+00 2.89000000e+02
 8.90000000e+00 2.87000000e+02
 8.90000000e+00 2.85000000e+02
 8.90000000e+00 2.84000000e+02
 8.90000000e+00 2.77000000e+02
 8.90000000e+00 2.83000000e+02
 8.90000000e+00 2.61000000e+02
 8.90000000e+00 2.72000000e+02
 8.90000000e+00 2.78000000e+02
 8.90000000e+00 2.45000000e+02
 8.90000000e+00 2.80000000e+02
 8.90000000e+00 1.85000000e+02
 8.90000000e+00 2.87000000e+02
 8.90000000e+00 2.85000000e+02
 8.90000000e+00 2.78000000e+02
 8.90000000e+00 2.96000000e+02
 8.90000000e+00 2.92000000e+02
 8.90000000e+00 2.77000000e+02
 8.90000000e+00 2.82000000e+02
 8.90000000e+00 2.38000000e+02
 8.90000000e+00 1.52000000e+02
 8.90000000e+00 2.79000000e+02
 8.90000000e+00 3.07000000e+02
 8.90000000e+00 2.57000000e+02
 8.90000000e+00 2.78000000e+02
 8.90000000e+00 2.97000000e+02
 8.90000000e+00 3.14000000e+02
 8.90000000e+00 3.07000000e+02
 8.90000000e+00 2.88000000e+02
 8.90000000e+00 2.78000000e+02
 8.90000000e+00 3.03000000e+02
 8.90000000e+00 2.90000000e+02
 8.90000000e+00 2.71000000e+02
 8.90000000e+00 2.86000000e+02
 8.90000000e+00 3.12000000e+02
 8.90000000e+00 2.90000000e+02
 8.90000000e+00 2.83000000e+02
 8.90000000e+00 2.84000000e+02
 8.90000000e+00 2.89000000e+02
 8.90000000e+00 2.79000000e+02
 8.90000000e+00 2.90000000e+02
 9.00000000e+00 3.02000000e+02
 9.00000000e+00 2.85000000e+02
 9.00000000e+00 2.96000000e+02
 9.00000000e+00 2.88000000e+02
 9.00000000e+00 2.77000000e+02
 9.00000000e+00 3.04000000e+02
 9.00000000e+00 2.85000000e+02
 9.00000000e+00 2.88000000e+02
 9.00000000e+00 2.84000000e+02
 9.00000000e+00 2.95000000e+02
 9.00000000e+00 2.89000000e+02
 9.00000000e+00 3.16000000e+02
 9.00000000e+00 2.94000000e+02
 9.00000000e+00 3.05000000e+02
 9.00000000e+00 2.91000000e+02
 9.00000000e+00 3.01000000e+02
 9.00000000e+00 2.93000000e+02
 9.00000000e+00 2.84000000e+02
 9.00000000e+00 3.18000000e+02
 9.00000000e+00 2.87000000e+02
 9.00000000e+00 3.00000000e+02
 9.00000000e+00 2.87000000e+02
 9.00000000e+00 2.91000000e+02
 9.00000000e+00 2.93000000e+02
 9.00000000e+00 2.60000000e+02
 9.00000000e+00 2.81000000e+02
 9.00000000e+00 2.79000000e+02
 9.00000000e+00 2.99000000e+02
 9.00000000e+00 2.83000000e+02
 9.00000000e+00 2.99000000e+02
 9.00000000e+00 2.72000000e+02
 9.00000000e+00 1.73000000e+02
 9.00000000e+00 3.16000000e+02
 9.00000000e+00 2.84000000e+02
 9.00000000e+00 2.79000000e+02
 9.00000000e+00 2.96000000e+02
 9.00000000e+00 2.96000000e+02
 9.00000000e+00 2.96000000e+02
 9.00000000e+00 3.02000000e+02
 9.00000000e+00 2.25000000e+02
 9.00000000e+00 3.08000000e+02
 9.00000000e+00 2.90000000e+02
 9.00000000e+00 2.84000000e+02
 9.00000000e+00 2.89000000e+02
 9.00000000e+00 3.02000000e+02
 9.00000000e+00 2.79000000e+02
 9.00000000e+00 2.81000000e+02
 9.00000000e+00 2.58000000e+02
 9.00000000e+00 3.01000000e+02
 9.00000000e+00 2.94000000e+02
 9.00000000e+00 2.65000000e+02
 9.00000000e+00 2.68000000e+02
 9.00000000e+00 3.02000000e+02
 9.00000000e+00 2.93000000e+02
 9.00000000e+00 2.97000000e+02
 9.00000000e+00 2.59000000e+02
 9.00000000e+00 2.66000000e+02
 9.00000000e+00 2.78000000e+02
 9.00000000e+00 3.04000000e+02
 9.00000000e+00 3.03000000e+02
 9.00000000e+00 3.09000000e+02
 9.00000000e+00 2.97000000e+02
 9.10000000e+00 2.96000000e+02
 9.10000000e+00 2.71000000e+02
 9.10000000e+00 2.69000000e+02
 9.10000000e+00 3.11000000e+02
 9.10000000e+00 2.90000000e+02
 9.10000000e+00 2.76000000e+02
 9.10000000e+00 3.08000000e+02
 9.10000000e+00 2.86000000e+02
 9.10000000e+00 2.98000000e+02
 9.10000000e+00 2.85000000e+02
 9.10000000e+00 2.80000000e+02
 9.10000000e+00 3.07000000e+02
 9.10000000e+00 2.85000000e+02
 9.10000000e+00 2.97000000e+02
 9.10000000e+00 2.96000000e+02
 9.10000000e+00 3.10000000e+02
 9.10000000e+00 2.90000000e+02
 9.10000000e+00 3.04000000e+02
 9.10000000e+00 3.03000000e+02
 9.10000000e+00 2.84000000e+02
 9.10000000e+00 3.06000000e+02
 9.10000000e+00 2.91000000e+02
 9.10000000e+00 3.09000000e+02
 9.10000000e+00 3.10000000e+02
 9.10000000e+00 2.90000000e+02
 9.10000000e+00 3.12000000e+02
 9.10000000e+00 2.90000000e+02
 9.10000000e+00 2.92000000e+02
 9.10000000e+00 3.01000000e+02
 9.10000000e+00 2.96000000e+02
 9.10000000e+00 2.91000000e+02
 9.10000000e+00 3.04000000e+02
 9.10000000e+00 2.42000000e+02
 9.10000000e+00 3.00000000e+02
 9.10000000e+00 2.98000000e+02
 9.10000000e+00 2.55000000e+02
 9.10000000e+00 2.90000000e+02
 9.10000000e+00 2.96000000e+02
 9.10000000e+00 3.13000000e+02
 9.10000000e+00 3.07000000e+02
 9.10000000e+00 2.96000000e+02
 9.10000000e+00 3.05000000e+02
 9.10000000e+00 3.01000000e+02
 9.10000000e+00 3.07000000e+02
 9.10000000e+00 2.79000000e+02
 9.10000000e+00 3.07000000e+02
 9.10000000e+00 2.89000000e+02
 9.10000000e+00 2.94000000e+02
 9.10000000e+00 2.93000000e+02
 9.10000000e+00 2.87000000e+02
 9.10000000e+00 3.03000000e+02
 9.10000000e+00 2.96000000e+02
 9.10000000e+00 3.07000000e+02
 9.20000000e+00 2.89000000e+02
 9.20000000e+00 3.20000000e+02
 9.20000000e+00 2.77000000e+02
 9.20000000e+00 2.67000000e+02
 9.20000000e+00 2.81000000e+02
 9.20000000e+00 2.89000000e+02
 9.20000000e+00 3.04000000e+02
 9.20000000e+00 3.31000000e+02
 9.20000000e+00 3.01000000e+02
 9.20000000e+00 3.09000000e+02
 9.20000000e+00 3.24000000e+02
 9.20000000e+00 2.79000000e+02
 9.20000000e+00 2.88000000e+02
 9.20000000e+00 2.77000000e+02
 9.20000000e+00 3.05000000e+02
 9.20000000e+00 3.25000000e+02
 9.20000000e+00 3.16000000e+02
 9.20000000e+00 3.15000000e+02
 9.20000000e+00 2.95000000e+02
 9.20000000e+00 3.20000000e+02
 9.20000000e+00 3.24000000e+02
 9.20000000e+00 3.05000000e+02
 9.20000000e+00 3.35000000e+02
 9.20000000e+00 3.22000000e+02
 9.20000000e+00 3.04000000e+02
 9.20000000e+00 3.15000000e+02
 9.20000000e+00 3.24000000e+02
 9.20000000e+00 3.20000000e+02
 9.20000000e+00 3.00000000e+02
 9.20000000e+00 3.07000000e+02
 9.20000000e+00 2.82000000e+02
 9.20000000e+00 3.16000000e+02
 9.20000000e+00 2.68000000e+02
 9.20000000e+00 2.99000000e+02
 9.20000000e+00 2.91000000e+02
 9.20000000e+00 3.04000000e+02
 9.20000000e+00 3.21000000e+02
 9.20000000e+00 2.96000000e+02
 9.20000000e+00 2.99000000e+02
 9.20000000e+00 3.04000000e+02
 9.20000000e+00 3.07000000e+02
 9.20000000e+00 3.08000000e+02
 9.20000000e+00 2.99000000e+02
 9.20000000e+00 3.30000000e+02
 9.20000000e+00 3.24000000e+02
 9.20000000e+00 2.68000000e+02
 9.20000000e+00 3.29000000e+02
 9.20000000e+00 3.10000000e+02
 9.20000000e+00 3.07000000e+02
 9.20000000e+00 2.79000000e+02
 9.20000000e+00 2.96000000e+02
 9.20000000e+00 3.08000000e+02
 9.20000000e+00 3.07000000e+02
 9.20000000e+00 3.18000000e+02
 9.20000000e+00 3.03000000e+02
 9.20000000e+00 2.71000000e+02
 9.30000000e+00 3.21000000e+02
 9.30000000e+00 2.84000000e+02
 9.30000000e+00 3.10000000e+02
 9.30000000e+00 2.98000000e+02
 9.30000000e+00 3.20000000e+02
 9.30000000e+00 3.10000000e+02
 9.30000000e+00 3.21000000e+02
 9.30000000e+00 3.11000000e+02
 9.30000000e+00 3.24000000e+02
 9.30000000e+00 3.02000000e+02
 9.30000000e+00 2.88000000e+02
 9.30000000e+00 3.20000000e+02
 9.30000000e+00 3.15000000e+02
 9.30000000e+00 3.15000000e+02
 9.30000000e+00 2.99000000e+02
 9.30000000e+00 2.98000000e+02
 9.30000000e+00 3.26000000e+02
 9.30000000e+00 3.08000000e+02
 9.30000000e+00 3.16000000e+02
 9.30000000e+00 3.04000000e+02
 9.30000000e+00 3.02000000e+02
 9.30000000e+00 3.03000000e+02
 9.30000000e+00 3.17000000e+02
 9.30000000e+00 3.14000000e+02
 9.30000000e+00 2.19000000e+02
 9.30000000e+00 3.27000000e+02
 9.30000000e+00 3.27000000e+02
 9.30000000e+00 3.19000000e+02
 9.30000000e+00 3.27000000e+02
 9.30000000e+00 3.12000000e+02
 9.30000000e+00 3.24000000e+02
 9.30000000e+00 3.27000000e+02
 9.30000000e+00 3.08000000e+02
 9.30000000e+00 3.09000000e+02
 9.30000000e+00 3.08000000e+02
 9.30000000e+00 1.95000000e+02
 9.30000000e+00 3.21000000e+02
 9.30000000e+00 3.04000000e+02
 9.30000000e+00 3.17000000e+02
 9.30000000e+00 3.17000000e+02
 9.30000000e+00 3.05000000e+02
 9.30000000e+00 2.97000000e+02
 9.30000000e+00 3.25000000e+02
 9.30000000e+00 3.27000000e+02
 9.30000000e+00 3.04000000e+02
 9.30000000e+00 2.82000000e+02
 9.30000000e+00 2.99000000e+02
 9.30000000e+00 3.04000000e+02
 9.30000000e+00 2.91000000e+02
 9.30000000e+00 3.06000000e+02
 9.30000000e+00 3.13000000e+02
 9.30000000e+00 3.02000000e+02
 9.30000000e+00 2.92000000e+02
 9.30000000e+00 3.47000000e+02
 9.30000000e+00 3.06000000e+02
 9.30000000e+00 2.82000000e+02
 9.30000000e+00 3.28000000e+02
 9.30000000e+00 2.92000000e+02
 9.30000000e+00 3.15000000e+02
 9.30000000e+00 3.25000000e+02
 9.30000000e+00 3.14000000e+02
 9.30000000e+00 3.18000000e+02
 9.40000000e+00 3.27000000e+02
 9.40000000e+00 3.29000000e+02
 9.40000000e+00 3.27000000e+02
 9.40000000e+00 3.16000000e+02
 9.40000000e+00 3.26000000e+02
 9.40000000e+00 3.33000000e+02
 9.40000000e+00 3.32000000e+02
 9.40000000e+00 3.23000000e+02
 9.40000000e+00 3.05000000e+02
 9.40000000e+00 3.28000000e+02
 9.40000000e+00 3.14000000e+02
 9.40000000e+00 3.27000000e+02
 9.40000000e+00 3.13000000e+02
 9.40000000e+00 3.31000000e+02
 9.40000000e+00 3.11000000e+02
 9.40000000e+00 3.13000000e+02
 9.40000000e+00 2.91000000e+02
 9.40000000e+00 3.32000000e+02
 9.40000000e+00 3.01000000e+02
 9.40000000e+00 3.25000000e+02
 9.40000000e+00 3.29000000e+02
 9.40000000e+00 3.21000000e+02
 9.40000000e+00 3.21000000e+02
 9.40000000e+00 3.53000000e+02
 9.40000000e+00 3.28000000e+02
 9.40000000e+00 3.23000000e+02
 9.40000000e+00 3.19000000e+02
 9.40000000e+00 3.39000000e+02
 9.40000000e+00 3.03000000e+02
 9.40000000e+00 3.09000000e+02
 9.40000000e+00 3.24000000e+02
 9.40000000e+00 3.15000000e+02
 9.40000000e+00 3.30000000e+02
 9.40000000e+00 3.24000000e+02
 9.40000000e+00 3.07000000e+02
 9.40000000e+00 2.97000000e+02
 9.40000000e+00 3.00000000e+02
 9.40000000e+00 3.31000000e+02
 9.40000000e+00 3.21000000e+02
 9.40000000e+00 3.40000000e+02
 9.50000000e+00 3.01000000e+02
 9.50000000e+00 3.04000000e+02
 9.50000000e+00 3.07000000e+02
 9.50000000e+00 3.11000000e+02
 9.50000000e+00 3.54000000e+02
 9.50000000e+00 3.41000000e+02
 9.50000000e+00 3.40000000e+02
 9.50000000e+00 3.29000000e+02
 9.50000000e+00 3.29000000e+02
 9.50000000e+00 2.95000000e+02
 9.50000000e+00 3.29000000e+02
 9.50000000e+00 3.35000000e+02
 9.50000000e+00 3.32000000e+02
 9.50000000e+00 3.06000000e+02
 9.50000000e+00 3.19000000e+02
 9.50000000e+00 2.05000000e+02
 9.50000000e+00 3.24000000e+02
 9.50000000e+00 3.21000000e+02
 9.50000000e+00 3.30000000e+02
 9.50000000e+00 3.46000000e+02
 9.50000000e+00 3.40000000e+02
 9.50000000e+00 3.27000000e+02
 9.50000000e+00 3.26000000e+02
 9.50000000e+00 3.03000000e+02
 9.50000000e+00 3.36000000e+02
 9.50000000e+00 3.31000000e+02
 9.50000000e+00 3.07000000e+02
 9.50000000e+00 3.11000000e+02
 9.50000000e+00 3.12000000e+02
 9.50000000e+00 3.26000000e+02
 9.50000000e+00 3.21000000e+02
 9.50000000e+00 3.39000000e+02
 9.50000000e+00 3.14000000e+02
 9.50000000e+00 3.18000000e+02
 9.50000000e+00 3.26000000e+02
 9.50000000e+00 3.24000000e+02
 9.50000000e+00 3.24000000e+02
 9.60000000e+00 3.13000000e+02
 9.60000000e+00 3.08000000e+02
 9.60000000e+00 3.41000000e+02
 9.60000000e+00 3.37000000e+02
 9.60000000e+00 3.11000000e+02
 9.60000000e+00 3.43000000e+02
 9.60000000e+00 3.47000000e+02
 9.60000000e+00 3.44000000e+02
 9.60000000e+00 3.44000000e+02
 9.60000000e+00 3.37000000e+02
 9.60000000e+00 3.35000000e+02
 9.60000000e+00 3.33000000e+02
 9.60000000e+00 3.12000000e+02
 9.60000000e+00 3.37000000e+02
 9.60000000e+00 3.30000000e+02
 9.60000000e+00 3.20000000e+02
 9.60000000e+00 3.42000000e+02
 9.60000000e+00 3.02000000e+02
 9.60000000e+00 3.50000000e+02
 9.60000000e+00 3.10000000e+02
 9.60000000e+00 3.39000000e+02
 9.60000000e+00 3.32000000e+02
 9.60000000e+00 3.30000000e+02
 9.60000000e+00 3.37000000e+02
 9.60000000e+00 3.10000000e+02
 9.60000000e+00 3.29000000e+02
 9.60000000e+00 3.40000000e+02
 9.60000000e+00 3.15000000e+02
 9.60000000e+00 3.47000000e+02
 9.60000000e+00 3.32000000e+02
 9.60000000e+00 3.17000000e+02
 9.60000000e+00 3.28000000e+02
 9.60000000e+00 3.18000000e+02
 9.60000000e+00 3.58000000e+02
 9.60000000e+00 3.33000000e+02
 9.60000000e+00 3.27000000e+02
 9.60000000e+00 3.44000000e+02
 9.70000000e+00 3.43000000e+02
 9.70000000e+00 3.13000000e+02
 9.70000000e+00 3.54000000e+02
 9.70000000e+00 3.41000000e+02
 9.70000000e+00 3.40000000e+02
 9.70000000e+00 3.40000000e+02
 9.70000000e+00 3.29000000e+02
 9.70000000e+00 3.55000000e+02
 9.70000000e+00 3.50000000e+02
 9.70000000e+00 3.50000000e+02
 9.70000000e+00 3.52000000e+02
 9.70000000e+00 3.44000000e+02
 9.70000000e+00 3.39000000e+02
 9.70000000e+00 3.55000000e+02
 9.70000000e+00 3.28000000e+02
 9.70000000e+00 3.52000000e+02
 9.70000000e+00 3.25000000e+02
 9.70000000e+00 3.52000000e+02
 9.70000000e+00 3.54000000e+02
 9.70000000e+00 3.18000000e+02
 9.70000000e+00 3.55000000e+02
 9.70000000e+00 3.42000000e+02
 9.70000000e+00 3.47000000e+02
 9.70000000e+00 3.37000000e+02
 9.80000000e+00 3.44000000e+02
 9.80000000e+00 3.34000000e+02
 9.80000000e+00 3.56000000e+02
 9.80000000e+00 3.51000000e+02
 9.80000000e+00 3.46000000e+02
 9.80000000e+00 3.21000000e+02
 9.80000000e+00 3.55000000e+02
 9.80000000e+00 3.18000000e+02
 9.80000000e+00 3.51000000e+02
 9.80000000e+00 3.54000000e+02
 9.80000000e+00 3.63000000e+02
 9.80000000e+00 3.34000000e+02
 9.80000000e+00 3.60000000e+02
 9.80000000e+00 3.44000000e+02
 9.80000000e+00 3.53000000e+02
 9.80000000e+00 3.43000000e+02
 9.80000000e+00 3.33000000e+02
 9.80000000e+00 3.33000000e+02
 9.80000000e+00 3.76000000e+02
 9.80000000e+00 3.34000000e+02
 9.80000000e+00 3.44000000e+02
 9.80000000e+00 3.44000000e+02
 9.80000000e+00 3.38000000e+02
 9.80000000e+00 3.30000000e+02
 9.80000000e+00 3.32000000e+02
 9.80000000e+00 3.48000000e+02
 9.80000000e+00 3.42000000e+02
 9.80000000e+00 3.45000000e+02
 9.80000000e+00 3.59000000e+02
 9.80000000e+00 3.56000000e+02
 9.80000000e+00 3.46000000e+02
 9.80000000e+00 3.59000000e+02
 9.80000000e+00 3.28000000e+02
 9.80000000e+00 3.26000000e+02
 9.80000000e+00 3.76000000e+02
 9.80000000e+00 3.58000000e+02
 9.80000000e+00 3.69000000e+02
 9.90000000e+00 3.28000000e+02
 9.90000000e+00 3.38000000e+02
 9.90000000e+00 3.60000000e+02
 9.90000000e+00 3.45000000e+02
 9.90000000e+00 3.53000000e+02
 9.90000000e+00 3.47000000e+02
 9.90000000e+00 3.56000000e+02
 9.90000000e+00 3.55000000e+02
 9.90000000e+00 3.66000000e+02
 9.90000000e+00 3.61000000e+02
 9.90000000e+00 3.34000000e+02
 9.90000000e+00 3.39000000e+02
 9.90000000e+00 3.46000000e+02
 9.90000000e+00 3.54000000e+02
 9.90000000e+00 3.68000000e+02
 9.90000000e+00 3.64000000e+02
 9.90000000e+00 3.68000000e+02
 9.90000000e+00 3.54000000e+02
 9.90000000e+00 3.61000000e+02
 9.90000000e+00 3.83000000e+02
 9.90000000e+00 3.76000000e+02
 9.90000000e+00 3.87000000e+02
 9.90000000e+00 3.45000000e+02
 9.90000000e+00 3.42000000e+02
 9.90000000e+00 3.44000000e+02
 9.90000000e+00 3.76000000e+02
 9.90000000e+00 3.53000000e+02
 9.90000000e+00 3.62000000e+02
 9.90000000e+00 3.69000000e+02
 9.90000000e+00 3.26000000e+02
 9.90000000e+00 3.52000000e+02
 9.90000000e+00 3.20000000e+02
 9.90000000e+00 3.52000000e+02
 9.90000000e+00 3.87000000e+02
 9.90000000e+00 3.56000000e+02
 9.90000000e+00 3.64000000e+02
 9.90000000e+00 3.40000000e+02
 9.90000000e+00 3.53000000e+02
 9.90000000e+00 3.54000000e+02
 9.90000000e+00 3.57000000e+02
 9.90000000e+00 3.57000000e+02
 1.00000000e+01 3.50000000e+02
 1.00000000e+01 3.43000000e+02
 1.00000000e+01 3.36000000e+02
 1.00000000e+01 3.53000000e+02
 1.00000000e+01 3.73000000e+02
 1.00000000e+01 3.39000000e+02
 1.00000000e+01 3.68000000e+02
 1.00000000e+01 3.69000000e+02
 1.00000000e+01 3.70000000e+02
 1.00000000e+01 3.68000000e+02
 1.00000000e+01 3.55000000e+02
 1.00000000e+01 3.76000000e+02
 1.00000000e+01 3.34000000e+02
 1.00000000e+01 3.55000000e+02
 1.00000000e+01 3.43000000e+02
 1.00000000e+01 3.35000000e+02
 1.00000000e+01 3.99000000e+02
 1.00000000e+01 3.33000000e+02
 1.00000000e+01 3.72000000e+02
 1.00000000e+01 3.45000000e+02
 1.00000000e+01 3.67000000e+02
 1.00000000e+01 3.67000000e+02
 1.00000000e+01 3.44000000e+02
 1.00000000e+01 3.57000000e+02
 1.00000000e+01 3.50000000e+02
 1.00000000e+01 3.43000000e+02
 1.00000000e+01 3.57000000e+02
 1.00000000e+01 3.54000000e+02
 1.00000000e+01 3.55000000e+02
 1.01000000e+01 3.44000000e+02
 1.01000000e+01 3.73000000e+02
 1.01000000e+01 3.59000000e+02
 1.01000000e+01 3.74000000e+02
 1.01000000e+01 3.68000000e+02
 1.01000000e+01 3.70000000e+02
 1.01000000e+01 3.48000000e+02
 1.01000000e+01 3.50000000e+02
 1.01000000e+01 3.66000000e+02
 1.01000000e+01 3.66000000e+02
 1.01000000e+01 3.65000000e+02
 1.01000000e+01 3.44000000e+02
 1.01000000e+01 3.56000000e+02
 1.01000000e+01 3.38000000e+02
 1.01000000e+01 3.54000000e+02
 1.01000000e+01 3.69000000e+02
 1.01000000e+01 3.66000000e+02
 1.01000000e+01 3.57000000e+02
 1.01000000e+01 3.63000000e+02
 1.01000000e+01 3.51000000e+02
 1.01000000e+01 3.86000000e+02
 1.01000000e+01 3.85000000e+02
 1.01000000e+01 3.84000000e+02
 1.01000000e+01 3.88000000e+02
 1.01000000e+01 3.87000000e+02
 1.01000000e+01 3.54000000e+02
 1.01000000e+01 3.62000000e+02
 1.01000000e+01 3.56000000e+02
 1.01000000e+01 3.44000000e+02
 1.01000000e+01 3.59000000e+02
 1.01000000e+01 3.32000000e+02
 1.01000000e+01 3.78000000e+02
 1.01000000e+01 3.50000000e+02
 1.01000000e+01 3.54000000e+02
 1.01000000e+01 3.69000000e+02
 1.01000000e+01 3.76000000e+02
 1.01000000e+01 3.45000000e+02
 1.01000000e+01 3.67000000e+02
 1.02000000e+01 3.72000000e+02
 1.02000000e+01 3.76000000e+02
 1.02000000e+01 3.79000000e+02
 1.02000000e+01 3.80000000e+02
 1.02000000e+01 3.87000000e+02
 1.02000000e+01 3.66000000e+02
 1.02000000e+01 3.68000000e+02
 1.02000000e+01 3.66000000e+02
 1.02000000e+01 3.45000000e+02
 1.02000000e+01 3.81000000e+02
 1.02000000e+01 3.86000000e+02
 1.02000000e+01 3.86000000e+02
 1.02000000e+01 3.94000000e+02
 1.02000000e+01 3.39000000e+02
 1.02000000e+01 3.61000000e+02
 1.02000000e+01 4.09000000e+02
 1.02000000e+01 3.73000000e+02
 1.02000000e+01 3.84000000e+02
 1.02000000e+01 3.90000000e+02
 1.02000000e+01 3.78000000e+02
 1.02000000e+01 3.59000000e+02
 1.02000000e+01 3.82000000e+02
 1.02000000e+01 3.64000000e+02
 1.02000000e+01 3.77000000e+02
 1.02000000e+01 3.74000000e+02
 1.02000000e+01 3.57000000e+02
 1.02000000e+01 3.94000000e+02
 1.02000000e+01 3.68000000e+02
 1.02000000e+01 3.94000000e+02
 1.03000000e+01 3.76000000e+02
 1.03000000e+01 3.92000000e+02
 1.03000000e+01 3.94000000e+02
 1.03000000e+01 3.66000000e+02
 1.03000000e+01 3.73000000e+02
 1.03000000e+01 3.88000000e+02
 1.03000000e+01 3.84000000e+02
 1.03000000e+01 3.85000000e+02
 1.03000000e+01 3.61000000e+02
 1.03000000e+01 3.89000000e+02
 1.03000000e+01 3.80000000e+02
 1.03000000e+01 3.97000000e+02
 1.03000000e+01 4.02000000e+02
 1.03000000e+01 3.64000000e+02
 1.03000000e+01 3.82000000e+02
 1.03000000e+01 4.12000000e+02
 1.03000000e+01 4.00000000e+02
 1.03000000e+01 3.67000000e+02
 1.03000000e+01 3.66000000e+02
 1.03000000e+01 3.65000000e+02
 1.03000000e+01 3.55000000e+02
 1.03000000e+01 3.84000000e+02
 1.03000000e+01 3.94000000e+02
 1.03000000e+01 3.87000000e+02
 1.03000000e+01 3.83000000e+02
 1.04000000e+01 3.95000000e+02
 1.04000000e+01 4.08000000e+02
 1.04000000e+01 3.87000000e+02
 1.04000000e+01 3.98000000e+02
 1.04000000e+01 3.78000000e+02
 1.04000000e+01 4.09000000e+02
 1.04000000e+01 3.61000000e+02
 1.04000000e+01 3.73000000e+02
 1.04000000e+01 4.15000000e+02
 1.04000000e+01 4.01000000e+02
 1.04000000e+01 4.03000000e+02
 1.04000000e+01 4.21000000e+02
 1.04000000e+01 4.02000000e+02
 1.04000000e+01 3.68000000e+02
 1.04000000e+01 3.54000000e+02
 1.04000000e+01 3.70000000e+02
 1.04000000e+01 4.04000000e+02
 1.04000000e+01 4.04000000e+02
 1.04000000e+01 4.02000000e+02
 1.04000000e+01 4.00000000e+02
 1.04000000e+01 3.79000000e+02
 1.04000000e+01 4.05000000e+02
 1.04000000e+01 3.86000000e+02
 1.04000000e+01 3.80000000e+02
 1.04000000e+01 4.07000000e+02
 1.04000000e+01 3.90000000e+02
 1.04000000e+01 3.71000000e+02
 1.04000000e+01 3.87000000e+02
 1.04000000e+01 3.88000000e+02
 1.04000000e+01 3.91000000e+02
 1.04000000e+01 4.21000000e+02
 1.04000000e+01 3.88000000e+02
 1.04000000e+01 4.24000000e+02
 1.05000000e+01 3.83000000e+02
 1.05000000e+01 3.90000000e+02
 1.05000000e+01 3.93000000e+02
 1.05000000e+01 3.58000000e+02
 1.05000000e+01 4.06000000e+02
 1.05000000e+01 4.03000000e+02
 1.05000000e+01 3.89000000e+02
 1.05000000e+01 3.77000000e+02
 1.05000000e+01 3.46000000e+02
 1.05000000e+01 3.63000000e+02
 1.05000000e+01 3.93000000e+02
 1.05000000e+01 3.91000000e+02
 1.05000000e+01 4.06000000e+02
 1.05000000e+01 3.92000000e+02
 1.05000000e+01 3.93000000e+02
 1.05000000e+01 3.84000000e+02
 1.05000000e+01 3.81000000e+02
 1.05000000e+01 3.46000000e+02
 1.05000000e+01 4.19000000e+02
 1.05000000e+01 3.82000000e+02
 1.05000000e+01 3.98000000e+02
 1.05000000e+01 3.89000000e+02
 1.05000000e+01 4.26000000e+02
 1.05000000e+01 4.10000000e+02
 1.05000000e+01 4.17000000e+02
 1.06000000e+01 4.03000000e+02
 1.06000000e+01 3.97000000e+02
 1.06000000e+01 3.90000000e+02
 1.06000000e+01 4.12000000e+02
 1.06000000e+01 4.14000000e+02
 1.06000000e+01 3.92000000e+02
 1.06000000e+01 3.92000000e+02
 1.06000000e+01 3.76000000e+02
 1.06000000e+01 4.08000000e+02
 1.06000000e+01 4.18000000e+02
 1.06000000e+01 4.18000000e+02
 1.06000000e+01 4.15000000e+02
 1.06000000e+01 4.24000000e+02
 1.06000000e+01 3.74000000e+02
 1.06000000e+01 4.15000000e+02
 1.06000000e+01 4.19000000e+02
 1.06000000e+01 4.20000000e+02
 1.06000000e+01 3.72000000e+02
 1.06000000e+01 4.18000000e+02
 1.06000000e+01 3.90000000e+02
 1.06000000e+01 4.05000000e+02
 1.06000000e+01 4.22000000e+02
 1.06000000e+01 3.99000000e+02
 1.06000000e+01 3.90000000e+02
 1.06000000e+01 4.14000000e+02
 1.06000000e+01 4.31000000e+02
 1.06000000e+01 3.80000000e+02
 1.06000000e+01 3.95000000e+02
 1.06000000e+01 3.88000000e+02
 1.06000000e+01 4.16000000e+02
 1.06000000e+01 4.36000000e+02
 1.06000000e+01 4.04000000e+02
 1.07000000e+01 4.05000000e+02
 1.07000000e+01 3.85000000e+02
 1.07000000e+01 4.31000000e+02
 1.07000000e+01 3.96000000e+02
 1.07000000e+01 4.25000000e+02
 1.07000000e+01 4.02000000e+02
 1.07000000e+01 4.16000000e+02
 1.07000000e+01 4.12000000e+02
 1.07000000e+01 3.72000000e+02
 1.07000000e+01 4.14000000e+02
 1.07000000e+01 4.05000000e+02
 1.07000000e+01 3.91000000e+02
 1.07000000e+01 4.00000000e+02
 1.07000000e+01 3.99000000e+02
 1.07000000e+01 3.77000000e+02
 1.07000000e+01 3.65000000e+02
 1.07000000e+01 4.08000000e+02
 1.07000000e+01 3.90000000e+02
 1.07000000e+01 4.09000000e+02
 1.07000000e+01 4.11000000e+02
 1.07000000e+01 3.94000000e+02
 1.07000000e+01 4.28000000e+02
 1.08000000e+01 4.56000000e+02
 1.08000000e+01 4.24000000e+02
 1.08000000e+01 3.99000000e+02
 1.08000000e+01 4.46000000e+02
 1.08000000e+01 4.12000000e+02
 1.08000000e+01 3.73000000e+02
 1.08000000e+01 4.00000000e+02
 1.08000000e+01 4.23000000e+02
 1.08000000e+01 4.35000000e+02
 1.08000000e+01 4.20000000e+02
 1.08000000e+01 3.90000000e+02
 1.08000000e+01 3.84000000e+02
 1.08000000e+01 3.99000000e+02
 1.08000000e+01 4.10000000e+02
 1.08000000e+01 1.46000000e+02
 1.08000000e+01 4.22000000e+02
 1.08000000e+01 4.43000000e+02
 1.09000000e+01 4.24000000e+02
 1.09000000e+01 4.37000000e+02
 1.09000000e+01 4.23000000e+02
 1.09000000e+01 4.01000000e+02
 1.09000000e+01 4.26000000e+02
 1.09000000e+01 4.35000000e+02
 1.09000000e+01 4.16000000e+02
 1.09000000e+01 4.15000000e+02
 1.09000000e+01 4.13000000e+02
 1.09000000e+01 4.50000000e+02
 1.09000000e+01 4.04000000e+02
 1.09000000e+01 4.21000000e+02
 1.09000000e+01 4.42000000e+02
 1.10000000e+01 4.42000000e+02
 1.10000000e+01 3.88000000e+02
 1.10000000e+01 4.22000000e+02
 1.10000000e+01 4.05000000e+02
 1.10000000e+01 4.17000000e+02
 1.10000000e+01 4.51000000e+02
 1.10000000e+01 4.39000000e+02
 1.10000000e+01 4.44000000e+02
 1.10000000e+01 4.19000000e+02
 1.10000000e+01 4.27000000e+02
 1.10000000e+01 4.06000000e+02
 1.10000000e+01 4.06000000e+02
 1.10000000e+01 4.15000000e+02
 1.10000000e+01 4.13000000e+02
 1.10000000e+01 4.50000000e+02
 1.10000000e+01 4.38000000e+02
 1.10000000e+01 4.52000000e+02
 1.10000000e+01 4.40000000e+02
 1.10000000e+01 4.02000000e+02
 1.10000000e+01 4.45000000e+02
 1.11000000e+01 4.51000000e+02
 1.11000000e+01 4.48000000e+02
 1.11000000e+01 4.22000000e+02
 1.11000000e+01 4.03000000e+02
 1.11000000e+01 4.47000000e+02
 1.11000000e+01 4.64000000e+02
 1.11000000e+01 4.40000000e+02
 1.11000000e+01 4.00000000e+02
 1.11000000e+01 4.07000000e+02
 1.11000000e+01 4.43000000e+02
 1.11000000e+01 4.15000000e+02
 1.11000000e+01 4.41000000e+02
 1.11000000e+01 4.51000000e+02
 1.11000000e+01 4.42000000e+02
 1.11000000e+01 4.36000000e+02
 1.11000000e+01 4.46000000e+02
 1.12000000e+01 4.45000000e+02
 1.12000000e+01 4.37000000e+02
 1.12000000e+01 4.18000000e+02
 1.12000000e+01 4.48000000e+02
 1.12000000e+01 4.53000000e+02
 1.12000000e+01 4.54000000e+02
 1.12000000e+01 4.40000000e+02
 1.12000000e+01 4.19000000e+02
 1.12000000e+01 4.68000000e+02
 1.12000000e+01 4.66000000e+02
 1.12000000e+01 4.76000000e+02
 1.12000000e+01 4.30000000e+02
 1.12000000e+01 4.16000000e+02
 1.12000000e+01 4.01000000e+02
 1.12000000e+01 4.80000000e+02
 1.12000000e+01 4.60000000e+02
 1.12000000e+01 4.32000000e+02
 1.12000000e+01 4.59000000e+02
 1.12000000e+01 4.38000000e+02
 1.12000000e+01 4.56000000e+02
 1.12000000e+01 4.41000000e+02
 1.12000000e+01 4.24000000e+02
 1.12000000e+01 4.35000000e+02
 1.12000000e+01 4.56000000e+02
 1.12000000e+01 4.85000000e+02
 1.13000000e+01 4.30000000e+02
 1.13000000e+01 4.51000000e+02
 1.13000000e+01 4.41000000e+02
 1.13000000e+01 4.50000000e+02
 1.13000000e+01 4.58000000e+02
 1.13000000e+01 4.64000000e+02
 1.13000000e+01 4.32000000e+02
 1.13000000e+01 4.66000000e+02
 1.13000000e+01 4.89000000e+02
 1.13000000e+01 4.59000000e+02
 1.13000000e+01 4.52000000e+02
 1.13000000e+01 4.48000000e+02
 1.13000000e+01 4.46000000e+02
 1.13000000e+01 4.37000000e+02
 1.13000000e+01 4.29000000e+02
 1.13000000e+01 4.52000000e+02
 1.13000000e+01 4.73000000e+02
 1.13000000e+01 4.52000000e+02
 1.13000000e+01 4.55000000e+02
 1.13000000e+01 4.50000000e+02
 1.13000000e+01 4.36000000e+02
 1.13000000e+01 4.45000000e+02
 1.13000000e+01 4.45000000e+02
 1.14000000e+01 4.33000000e+02
 1.14000000e+01 4.59000000e+02
 1.14000000e+01 4.36000000e+02
 1.14000000e+01 4.38000000e+02
 1.14000000e+01 4.11000000e+02
 1.14000000e+01 4.23000000e+02
 1.14000000e+01 4.56000000e+02
 1.14000000e+01 4.37000000e+02
 1.14000000e+01 4.73000000e+02
 1.14000000e+01 4.70000000e+02
 1.14000000e+01 4.40000000e+02
 1.14000000e+01 4.32000000e+02
 1.14000000e+01 4.26000000e+02
 1.14000000e+01 4.24000000e+02
 1.14000000e+01 4.40000000e+02
 1.14000000e+01 4.20000000e+02
 1.14000000e+01 4.38000000e+02
 1.14000000e+01 4.41000000e+02
 1.14000000e+01 4.60000000e+02
 1.14000000e+01 4.48000000e+02
 1.14000000e+01 4.46000000e+02
 1.14000000e+01 4.33000000e+02
 1.14000000e+01 4.49000000e+02
 1.14000000e+01 4.59000000e+02
 1.14000000e+01 4.59000000e+02
 1.14000000e+01 4.72000000e+02
 1.15000000e+01 4.40000000e+02
 1.15000000e+01 4.48000000e+02
 1.15000000e+01 4.52000000e+02
 1.15000000e+01 4.45000000e+02
 1.15000000e+01 4.72000000e+02
 1.15000000e+01 4.82000000e+02
 1.15000000e+01 4.56000000e+02
 1.15000000e+01 4.52000000e+02
 1.15000000e+01 4.78000000e+02
 1.15000000e+01 4.56000000e+02
 1.15000000e+01 4.70000000e+02
 1.15000000e+01 4.66000000e+02
 1.15000000e+01 4.60000000e+02
 1.15000000e+01 4.74000000e+02
 1.16000000e+01 4.42000000e+02
 1.16000000e+01 4.81000000e+02
 1.16000000e+01 4.69000000e+02
 1.16000000e+01 4.34000000e+02
 1.16000000e+01 4.59000000e+02
 1.16000000e+01 4.29000000e+02
 1.16000000e+01 5.01000000e+02
 1.16000000e+01 4.67000000e+02
 1.16000000e+01 4.84000000e+02
 1.16000000e+01 4.69000000e+02
 1.16000000e+01 4.58000000e+02
 1.16000000e+01 4.89000000e+02
 1.16000000e+01 4.52000000e+02
 1.16000000e+01 4.47000000e+02
 1.16000000e+01 4.67000000e+02
 1.16000000e+01 4.62000000e+02
 1.16000000e+01 4.72000000e+02
 1.16000000e+01 4.67000000e+02
 1.17000000e+01 4.56000000e+02
 1.17000000e+01 4.70000000e+02
 1.17000000e+01 4.79000000e+02
 1.17000000e+01 4.72000000e+02
 1.17000000e+01 4.80000000e+02
 1.17000000e+01 4.68000000e+02
 1.17000000e+01 4.71000000e+02
 1.17000000e+01 4.70000000e+02
 1.17000000e+01 4.77000000e+02
 1.17000000e+01 4.67000000e+02
 1.17000000e+01 4.55000000e+02
 1.17000000e+01 4.56000000e+02
 1.17000000e+01 4.56000000e+02
 1.17000000e+01 4.99000000e+02
 1.17000000e+01 4.84000000e+02
 1.17000000e+01 4.71000000e+02
 1.17000000e+01 4.75000000e+02
 1.17000000e+01 4.67000000e+02
 1.17000000e+01 4.71000000e+02
 1.17000000e+01 4.93000000e+02
 1.17000000e+01 4.60000000e+02
 1.18000000e+01 4.75000000e+02
 1.18000000e+01 4.54000000e+02
 1.18000000e+01 4.68000000e+02
 1.18000000e+01 4.79000000e+02
 1.18000000e+01 4.83000000e+02
 1.18000000e+01 4.69000000e+02
 1.18000000e+01 4.70000000e+02
 1.18000000e+01 4.75000000e+02
 1.18000000e+01 4.64000000e+02
 1.18000000e+01 4.58000000e+02
 1.18000000e+01 4.56000000e+02
 1.18000000e+01 4.64000000e+02
 1.18000000e+01 4.93000000e+02
 1.18000000e+01 4.77000000e+02
 1.18000000e+01 4.83000000e+02
 1.18000000e+01 4.72000000e+02
 1.18000000e+01 4.67000000e+02
 1.18000000e+01 4.58000000e+02
 1.18000000e+01 4.92000000e+02
 1.19000000e+01 4.86000000e+02
 1.19000000e+01 4.67000000e+02
 1.19000000e+01 4.76000000e+02
 1.19000000e+01 4.70000000e+02
 1.19000000e+01 4.81000000e+02
 1.19000000e+01 4.93000000e+02
 1.19000000e+01 4.60000000e+02
 1.19000000e+01 4.64000000e+02
 1.19000000e+01 4.90000000e+02
 1.19000000e+01 4.81000000e+02
 1.19000000e+01 4.79000000e+02
 1.19000000e+01 4.86000000e+02
 1.19000000e+01 4.81000000e+02
 1.19000000e+01 4.81000000e+02
 1.20000000e+01 4.76000000e+02
 1.20000000e+01 4.84000000e+02
 1.20000000e+01 4.92000000e+02
 1.20000000e+01 4.95000000e+02
 1.20000000e+01 4.74000000e+02
 1.20000000e+01 4.87000000e+02
 1.20000000e+01 4.70000000e+02
 1.20000000e+01 4.84000000e+02
 1.20000000e+01 4.80000000e+02
 1.20000000e+01 4.67000000e+02
 1.20000000e+01 4.71000000e+02
 1.20000000e+01 4.98000000e+02
 1.20000000e+01 4.83000000e+02
 1.20000000e+01 4.76000000e+02
 1.20000000e+01 4.87000000e+02
 1.20000000e+01 4.76000000e+02
 1.20000000e+01 4.91000000e+02
 1.20000000e+01 4.65000000e+02
 1.20000000e+01 4.66000000e+02
 1.20000000e+01 4.92000000e+02
 1.20000000e+01 4.85000000e+02
 1.20000000e+01 5.00000000e+02
 1.21000000e+01 4.67000000e+02
 1.21000000e+01 4.71000000e+02
 1.21000000e+01 4.88000000e+02
 1.21000000e+01 4.68000000e+02
 1.21000000e+01 4.95000000e+02
 1.21000000e+01 4.94000000e+02
 1.21000000e+01 4.83000000e+02
 1.21000000e+01 4.96000000e+02
 1.21000000e+01 4.70000000e+02
 1.21000000e+01 4.81000000e+02
 1.22000000e+01 4.87000000e+02
 1.22000000e+01 4.99000000e+02
 1.22000000e+01 4.93000000e+02
 1.22000000e+01 4.80000000e+02
 1.22000000e+01 4.94000000e+02
 1.22000000e+01 4.88000000e+02
 1.22000000e+01 4.88000000e+02
 1.22000000e+01 4.81000000e+02
 1.22000000e+01 4.81000000e+02
 1.22000000e+01 4.92000000e+02
 1.22000000e+01 4.91000000e+02
 1.22000000e+01 4.88000000e+02
 1.22000000e+01 4.92000000e+02
 1.22000000e+01 4.98000000e+02
 1.22000000e+01 4.92000000e+02
 1.22000000e+01 4.58000000e+02
 1.22000000e+01 4.95000000e+02
 1.22000000e+01 4.96000000e+02
 1.22000000e+01 4.80000000e+02
 1.23000000e+01 4.88000000e+02
 1.23000000e+01 5.02000000e+02
 1.23000000e+01 4.99000000e+02
 1.23000000e+01 4.79000000e+02
 1.23000000e+01 4.86000000e+02
 1.23000000e+01 4.83000000e+02
 1.23000000e+01 4.94000000e+02
 1.23000000e+01 4.82000000e+02
 1.23000000e+01 5.06000000e+02
 1.23000000e+01 4.87000000e+02
 1.24000000e+01 4.88000000e+02
 1.24000000e+01 4.73000000e+02
 1.24000000e+01 4.94000000e+02
 1.24000000e+01 4.94000000e+02
 1.24000000e+01 4.86000000e+02
 1.24000000e+01 4.73000000e+02
 1.25000000e+01 4.89000000e+02
 1.25000000e+01 4.92000000e+02
 1.25000000e+01 4.79000000e+02
 1.25000000e+01 5.02000000e+02
 1.25000000e+01 4.99000000e+02
 1.25000000e+01 5.10000000e+02
 1.25000000e+01 4.89000000e+02
 1.25000000e+01 5.00000000e+02
 1.26000000e+01 4.71000000e+02
 1.26000000e+01 5.07000000e+02
 1.26000000e+01 5.20000000e+02
 1.26000000e+01 4.93000000e+02
 1.26000000e+01 4.90000000e+02
 1.26000000e+01 4.92000000e+02
 1.26000000e+01 4.79000000e+02
 1.26000000e+01 4.88000000e+02
 1.26000000e+01 5.04000000e+02
 1.26000000e+01 5.18000000e+02
 1.26000000e+01 5.19000000e+02
 1.26000000e+01 4.90000000e+02
 1.27000000e+01 4.86000000e+02
 1.27000000e+01 4.94000000e+02
 1.27000000e+01 4.88000000e+02
 1.27000000e+01 4.94000000e+02
 1.27000000e+01 4.85000000e+02
 1.27000000e+01 4.94000000e+02
 1.27000000e+01 4.91000000e+02
 1.27000000e+01 4.96000000e+02
 1.27000000e+01 4.90000000e+02
 1.27000000e+01 5.06000000e+02
 1.27000000e+01 5.05000000e+02
 1.28000000e+01 4.96000000e+02
 1.28000000e+01 4.82000000e+02
 1.28000000e+01 4.70000000e+02
 1.28000000e+01 4.89000000e+02
 1.28000000e+01 5.00000000e+02
 1.28000000e+01 4.92000000e+02
 1.28000000e+01 5.06000000e+02
 1.28000000e+01 5.07000000e+02
 1.28000000e+01 5.05000000e+02
 1.28000000e+01 5.04000000e+02
 1.29000000e+01 4.76000000e+02
 1.29000000e+01 4.97000000e+02
 1.29000000e+01 5.15000000e+02
 1.29000000e+01 5.03000000e+02
 1.29000000e+01 5.04000000e+02
 1.29000000e+01 4.95000000e+02
 1.29000000e+01 5.03000000e+02
 1.30000000e+01 4.95000000e+02
 1.30000000e+01 5.05000000e+02
 1.30000000e+01 5.13000000e+02
 1.30000000e+01 5.04000000e+02
 1.31000000e+01 4.88000000e+02
 1.31000000e+01 4.86000000e+02
 1.31000000e+01 4.99000000e+02
 1.31000000e+01 5.13000000e+02
 1.31000000e+01 5.00000000e+02
 1.32000000e+01 4.96000000e+02
 1.32000000e+01 5.18000000e+02
 1.32000000e+01 4.88000000e+02
 1.32000000e+01 5.04000000e+02
 1.33000000e+01 4.88000000e+02
 1.33000000e+01 5.04000000e+02
 1.33000000e+01 5.19000000e+02
 1.33000000e+01 5.21000000e+02
 1.34000000e+01 5.02000000e+02
 1.34000000e+01 5.02000000e+02
 1.34000000e+01 5.07000000e+02
 1.35000000e+01 4.99000000e+02
 1.35000000e+01 5.03000000e+02
 1.35000000e+01 4.94000000e+02
 1.35000000e+01 4.96000000e+02
 1.35000000e+01 5.04000000e+02
 1.36000000e+01 4.96000000e+02
 1.36000000e+01 5.08000000e+02
 1.36000000e+01 4.91000000e+02
 1.36000000e+01 5.18000000e+02
 1.36000000e+01 5.06000000e+02
 1.37000000e+01 4.74000000e+02
 1.37000000e+01 5.02000000e+02
 1.37000000e+01 5.06000000e+02
 1.37000000e+01 5.02000000e+02
 1.37000000e+01 5.19000000e+02
 1.37000000e+01 5.22000000e+02
 1.37000000e+01 5.03000000e+02
 1.37000000e+01 5.00000000e+02
 1.37000000e+01 5.07000000e+02
 1.39000000e+01 5.05000000e+02
 1.39000000e+01 5.17000000e+02
 1.39000000e+01 5.20000000e+02
 1.39000000e+01 5.08000000e+02
 1.40000000e+01 4.95000000e+02
 1.40000000e+01 5.08000000e+02
 1.40000000e+01 5.08000000e+02
 1.40000000e+01 5.08000000e+02
 1.41000000e+01 5.08000000e+02
 1.43000000e+01 5.08000000e+02
 1.44000000e+01 5.03000000e+02
